d001
d001
fb01
fc02
fd03
d180
fef0
0fde
0fb1
40cb
0020
d110
0fde
0fb1
40cc
0020
d101
0fde
0fb1
40cd
0020
1000
4ece
0020
@0100
f1a0
fa0f
db01
4201
53ff
0253
4241
015b
015b
4201
0253
4241
4eca
0020
@0200
f1a0
db01
fa0f
4201
d301
0253
4241
015b
015b
4201
0253
4241
4eca
0020
@0300	      
f7a0		      		
da01
075a
075a
4607		
db01		
dc7f		
d21e		
0c52		
f905		
4946		
065a		
095b		
4946		
065a		
095b		
4946		
065a	
095b	
4946	
065c	
095b	
4946	
065a	
095b	
4946	
065a	
095b	
4946	
065a	
095b	
4946	
065c	
095b	
4946	
065a	
095b	
4946	
065a	
095b	
4946
065a
095b
4946
fa0f
4eca
0020
@0F00
f7a0		      
4607		
da01		
db10		
dc7f		
d21e		
0c52		
f900		
4946		
065a		
095b		
4946		
065a		
095b		
4946		
065a	
095b	
4946	
065c	
095b	
4946	
065a	
095b	
4946	
065a	
095b	
4946	
065a	
095b	
4946	
065c	
095b	
4946	
065a	
095b	
4946	
065a	
095b	
4946
065a
095b
4946
065c
095b
4946
065a
095b
4946
065a
095b
4946
065a
095b
4946
4ec0
0020

@A000
EECE
@A002
ED8E
@A00D
b99a
@A00F
b9a4
@A011
b9ae
@A013
b9b8
@A015
b9c2
@a017
bfda
@a019
bfe4
@a01a
bfee
@a01d
bff8
@a01f
c002
@a021
c61a
@a023
c624
@a025
c62e
@a027
c638
@a029
c642
@a031
0004

@B000
0500 0500 0500 0500 0500 0500 0500 0500 0500 0500 0500 0500 0500 0500 0500 0500 0500 0500 0500 0500 0500 0500 0500 0500 0500 0500 0500 0500 0500 0500 0500 0500 0500 0500 0500 0500 0500 0500 0500 0500 0500 0500 0500 0500 0500 0500 0500 0500 0500 0500 0500 0500 0500 0500 0500 0500 0500 0500 0500 0500 0500 0500 0500 0500 0500 0500 0500 0500 0500 0500 0500 0500 0500 0500 0500 0500 0500 0500 0500 0500 0500 0500 0500 0500 0500 0500 0500 0500 0500 0500 0500 0500 0500 0500 0500 0500 0500 0500 0500 0500 0500 0500 0500 0500 0500 0500 0500 0500 0500 0500 0500 0500 0500 0500 0500 0500 0500 0500 0500 0500 0500 0500 0500 0500 0500 0500 0500 0500 0500 0500 0500 0500 0500 0500 0500 0500 0500 0500 0500 0500 0500 0500 0500 0500 0500 0500 0500 0500 0500 0500 0500 0500 0500 0500 0500 0500 0500 0500 0500 0500 
0500 0500 0500 0500 0500 0500 0500 0500 0500 0500 0500 0500 0500 0500 0500 0500 0500 0500 0500 0500 0500 0500 0500 0500 0500 0500 0500 0500 0500 0500 0500 0500 0500 0500 0500 0500 0500 0500 0500 0500 0500 0500 0500 0500 0500 0500 0500 0500 0500 0500 0500 0500 0500 0500 0500 0500 0500 0500 0500 0500 0500 0500 0500 0500 0500 0500 0500 0500 0500 0500 0500 0500 0500 0500 0500 0500 0500 0500 0500 0500 0500 0500 0500 0500 0500 0500 0500 0500 0500 0500 0500 0500 0500 0500 0500 0500 0500 0500 0500 0500 0500 0500 0500 0500 0500 0500 0500 0500 0500 0500 0500 0500 0500 0500 0500 0500 0500 0500 0500 0500 0500 0500 0500 0500 0500 0500 0500 0500 0500 0500 0500 0500 0500 0500 0500 0500 0500 0500 0500 0500 0500 0500 0500 0500 0500 0500 0500 0500 0500 0500 0500 0500 0500 0500 0500 0500 0500 0500 0500 0500 
0500 0500 0500 0500 0500 0500 0500 0500 0500 0500 0500 0500 0500 0500 0500 0500 0500 0500 0500 0500 0500 0500 0500 0500 0500 0500 0500 0500 0500 0500 0500 0500 0500 0500 0500 0500 0500 0500 0500 0500 0500 0500 0500 0500 0500 0500 0500 0500 0500 0500 0500 0500 0500 0500 0500 0500 0500 0500 0500 0500 0500 0500 0500 0500 0500 0500 0500 0500 0500 0500 0500 0500 0500 0500 0500 0500 0500 0500 0500 0500 0500 0500 0500 0500 0500 0500 0500 0500 0500 0500 0500 0500 0500 0500 0500 0500 0500 0500 0500 0500 0500 0500 0500 0500 0500 0500 0500 0500 0500 0500 0500 0500 0500 0500 0500 0500 0500 0500 0500 0500 0500 0500 0500 0500 0500 0500 0500 0500 0500 0500 0500 0500 0500 0500 0500 0500 0500 0500 0500 0500 0500 0500 0500 0500 0500 0500 0500 0500 0500 0500 0500 0500 0500 0500 0500 0500 0500 0500 0500 0500 
0500 0500 0500 0500 0500 0500 0500 0500 0500 0500 0500 0500 0500 0500 0500 0500 0500 0500 0500 0500 0500 0500 0500 0500 0500 0500 0500 0500 0500 0500 0500 0500 0500 0500 0500 0500 0500 0500 0500 0500 0500 0500 0500 0500 0500 0500 0500 0500 0500 0500 0500 0500 0500 0500 0500 0500 0500 0500 0500 0500 0500 0500 0500 0500 0500 0500 0500 0500 0500 0500 0500 0500 0500 0500 0500 0500 0500 0500 0500 0500 0500 0500 0500 0500 0500 0500 0500 0500 0500 0500 0500 0500 0500 0500 0500 0500 0500 0500 0500 0500 0500 0500 0500 0500 0500 0500 0500 0500 0500 0500 0500 0500 0500 0500 0500 0500 0500 0500 0500 0500 0500 0500 0500 0500 0500 0500 0500 0500 0500 0500 0500 0500 0500 0500 0500 0500 0500 0500 0500 0500 0500 0500 0500 0500 0500 0500 0500 0500 0500 0500 0500 0500 0500 0500 0500 0500 0500 0500 0500 0500 
0500 0500 0500 0500 0500 0500 0500 0500 0500 0500 0500 0500 0500 0500 0500 0500 0500 0500 0500 0500 0500 0500 0500 0500 0500 0500 0500 0500 0500 0500 0500 0500 0500 0500 0500 0500 0500 0500 0500 0500 0500 0500 0500 0500 0500 0500 0500 0500 0500 0500 0500 0500 0500 0500 0500 0500 0500 0500 0500 0500 0500 0500 0500 0500 0500 0500 0500 0500 0500 0500 0500 0500 0500 0500 0500 0500 0500 0500 0500 0500 0500 0500 0500 0500 0500 0500 0500 0500 0500 0500 0500 0500 0500 0500 0500 0500 0500 0500 0500 0500 0500 0500 0500 0500 0500 0500 0500 0500 0500 0500 0500 0500 0500 0500 0500 0500 0500 0500 0500 0500 0500 0500 0500 0500 0500 0500 0500 0500 0500 0500 0500 0500 0500 0500 0500 0500 0500 0500 0500 0500 0500 0500 0500 0500 0500 0500 0500 0500 0500 0500 0500 0500 0500 0500 0500 0500 0500 0500 0500 0500 
0500 0500 0500 0500 0500 0500 0500 0500 0500 0500 0500 0500 0500 0500 0500 0500 0500 0500 0500 0500 0500 0500 0500 0500 0500 0500 0500 0500 0500 0500 0500 0500 0500 0500 0500 0500 0500 0500 0500 0500 0500 0500 0500 0500 0500 0500 0500 0500 0500 0500 0500 0500 0500 0500 0500 0500 0500 0500 0500 0500 0500 0500 0500 0500 0500 0500 0500 0500 0500 0500 0500 0500 0500 0500 0500 0500 0500 0500 0500 0500 0500 0500 0500 0500 0500 0500 0500 0500 0500 0500 0500 0500 0500 0500 0500 0500 0500 0500 0500 0500 0500 0500 0500 0500 0500 0500 0500 0500 0500 0500 0500 0500 0500 0500 0500 0500 0500 0500 0500 0500 0500 0500 0500 0500 0500 0500 0500 0500 0500 0500 0500 0500 0500 0500 0500 0500 0500 0500 0500 0500 0500 0500 0500 0500 0500 0500 0500 0500 0500 0500 0500 0500 0500 0500 0500 0500 0500 0500 0500 0500 
0500 0500 0500 0500 0500 0500 0500 0500 0500 0500 0500 0500 0500 0500 0500 0500 0500 0500 0500 0500 0500 0500 0500 0500 0500 0500 0500 0500 0500 0500 0500 0500 0500 0500 0500 0500 0500 0500 0500 0500 0500 0500 0500 0500 0500 0500 0500 0500 0500 0500 0500 0500 0500 0500 0500 0500 0500 0500 0500 0500 0500 0500 0500 0500 0500 0500 0500 0500 0500 0500 0500 0500 0500 0500 0500 0500 0500 0500 0500 0500 0500 0500 0500 0500 0500 0500 0500 0500 0500 0500 0500 0500 0500 0500 0500 0500 0500 0500 0500 0500 0500 0500 0500 0500 0500 0500 0500 0500 0500 0500 0500 0500 0500 0500 0500 0500 0500 0500 0500 0500 0500 0500 0500 0500 0500 0500 0500 0500 0500 0500 0500 0500 0500 0500 0500 0500 0500 0500 0500 0500 0500 0500 0500 0500 0500 0500 0500 0500 0500 0500 0500 0500 0500 0500 0500 0500 0500 0500 0500 0500 
0500 0500 0500 0500 0500 0500 0500 0500 0500 0500 0500 0500 0500 0500 0500 0500 0500 0500 0500 0500 0500 0500 0500 0500 0500 0500 0500 0500 0500 0500 0500 0500 0500 0500 0500 0500 0500 0500 0500 0500 0500 0500 0500 0500 0500 0500 0500 0500 0500 0500 0500 0500 0500 0500 0500 0500 0500 0500 0500 0500 0500 0500 0500 0500 0500 0500 0500 0500 0500 0500 0500 0500 0500 0500 0500 0500 0500 0500 0500 0500 0500 0500 0500 0500 0500 0500 0500 0500 0500 0500 0500 0500 0500 0500 0500 0500 0500 0500 0500 0500 0500 0500 0500 0500 0500 0500 0500 0500 0500 0500 0500 0500 0500 0500 0500 0500 0500 0500 0500 0500 0500 0500 0500 0500 0500 0500 0500 0500 0500 0500 0500 0500 0500 0500 0500 0500 0500 0500 0500 0500 0500 0500 0500 0500 0500 0500 0500 0500 0500 0500 0500 0500 0500 0500 0500 0500 0500 0500 0500 0500 
0500 0500 0500 0500 0500 0500 0500 0500 0500 0500 0500 0500 0500 0500 0500 0500 0500 0500 0500 0500 0500 0500 0500 0500 0500 0500 0500 0500 0500 0500 0500 0500 0500 0500 0500 0500 0500 0500 0500 0500 0500 0500 0500 0500 0500 0500 0500 0500 0500 0500 0500 0500 0500 0500 0500 0500 0500 0500 0500 0500 0500 0500 0500 0500 0500 0500 0500 0500 0500 0500 0500 0500 0500 0500 0500 0500 0500 0500 0500 0500 0500 0500 0500 0500 0500 0500 0500 0500 0500 0500 0500 0500 0500 0500 0500 0500 0500 0500 0500 0500 0500 0500 0500 0500 0500 0500 0500 0500 0500 0500 0500 0500 0500 0500 0500 0500 0500 0500 0500 0500 0500 0500 0500 0500 0500 0500 0500 0500 0500 0500 0500 0500 0500 0500 0500 0500 0500 0500 0500 0500 0500 0500 0500 0500 0500 0500 0500 0500 0500 0500 0500 0500 0500 0500 0500 0500 0500 0500 0500 0500 
0500 0500 0500 0500 0500 0500 0500 0500 0500 0500 0500 0500 0500 0500 0500 0500 0500 0500 0500 0500 0500 0500 0500 0500 0500 0500 0500 0500 0500 0500 0500 0500 0500 0500 0500 0500 0500 0500 0500 0500 0500 0500 0500 0500 0500 0500 0500 0500 0500 0500 0500 0500 0500 0500 0500 0500 0500 0500 0500 0500 0500 0500 0500 0500 0500 0500 0500 0500 0500 0500 0500 0500 0500 0500 0500 0500 0500 0500 0500 0500 0500 0500 0500 0500 0500 0500 0500 0500 0500 0500 0500 0500 0500 0500 0500 0500 0500 0500 0500 0500 0500 0500 0500 0500 0500 0500 0500 0500 0500 0500 0500 0500 0500 0500 0500 0500 0500 0500 0500 0500 0500 0500 0500 0500 0500 0500 0500 0500 0500 0500 0500 0500 0500 0500 0500 0500 0500 0500 0500 0500 0500 0500 0500 0500 0500 0500 0500 0500 0500 0500 0500 0500 0500 0500 0500 0500 0500 0500 0500 0500 
0500 0500 0500 0500 0500 0500 0500 0500 0500 0500 0500 0500 0500 0500 0500 0500 0500 0500 0500 0500 0500 0500 0500 0500 0500 0500 0500 0500 0500 0500 0500 0500 0500 0500 0500 0500 0500 0500 0500 0500 0500 0500 0500 0500 0500 0500 0500 0500 0000 0000 0000 0000 0000 0000 0000 0000 0000 0000 0000 0000 0000 0000 0000 0000 0000 0000 0000 0000 0000 0000 0000 0000 0000 0000 0000 0000 0000 0000 0000 0000 0000 0000 0000 0000 0000 0000 0000 0000 0000 0000 0000 0000 0000 0000 0000 0000 0000 0000 0000 0000 0000 0000 0000 0000 0000 0000 0000 0000 0000 0000 0000 0000 0000 0500 0500 0500 0500 0500 0500 0500 0500 0500 0500 0500 0500 0500 0500 0500 0500 0500 0500 0500 0500 0500 0500 0500 0500 0500 0500 0500 0500 0500 0500 0500 0500 0500 0500 0500 0500 0500 0500 0500 0500 0500 0500 0500 0500 0500 0500 0500 
0500 0500 0500 0500 0500 0500 0500 0500 0500 0500 0500 0500 0500 0500 0500 0500 0500 0500 0500 0500 0500 0500 0500 0500 0500 0500 0500 0500 0500 0500 0500 0500 0500 0500 0500 0500 0500 0500 0500 0500 0500 0500 0500 0500 0500 0500 0500 0500 0000 0000 0000 0000 0000 0000 0000 0000 0000 0000 0000 0000 0000 0000 0000 0000 0000 0000 0000 0000 0000 0000 0000 0000 0000 0000 0000 0000 0000 0000 0000 0000 0000 0000 0000 0000 0000 0000 0000 0000 0000 0000 0000 0000 0000 0000 0000 0000 0000 0000 0000 0000 0000 0000 0000 0000 0000 0000 0000 0000 0000 0000 0000 0000 0000 0500 0500 0500 0500 0500 0500 0500 0500 0500 0500 0500 0500 0500 0500 0500 0500 0500 0500 0500 0500 0500 0500 0500 0500 0500 0500 0500 0500 0500 0500 0500 0500 0500 0500 0500 0500 0500 0500 0500 0500 0500 0500 0500 0500 0500 0500 0500 
0500 0500 0500 0500 0500 0500 0500 0500 0500 0500 0500 0500 0500 0500 0500 0500 0500 0500 0500 0500 0500 0500 0500 0500 0500 0500 0500 0500 0500 0500 0500 0500 0500 0500 0500 0500 0500 0500 0500 0500 0500 0500 0500 0500 0500 0500 0500 0500 0000 0000 0000 0000 0000 0000 0000 0000 0000 0000 0000 0000 0000 0000 0000 0000 0000 0000 0000 0000 0000 0000 0000 0000 0000 0000 0000 0000 0000 0000 0000 0000 0000 0000 0000 0000 0000 0000 0000 0000 0000 0000 0000 0000 0000 0000 0000 0000 0000 0000 0000 0000 0000 0000 0000 0000 0000 0000 0000 0000 0000 0000 0000 0000 0000 0500 0500 0500 0500 0500 0500 0500 0500 0500 0500 0500 0500 0500 0500 0500 0500 0500 0500 0500 0500 0500 0500 0500 0500 0500 0500 0500 0500 0500 0500 0500 0500 0500 0500 0500 0500 0500 0500 0500 0500 0500 0500 0500 0500 0500 0500 0500 
0500 0500 0500 0500 0500 0500 0500 0500 0500 0500 0500 0500 0500 0500 0500 0500 0500 0500 0500 0500 0500 0500 0500 0500 0500 0500 0500 0500 0500 0500 0500 0500 0500 0500 0500 0500 0500 0500 0500 0500 0500 0500 0500 0500 0500 0500 0500 0500 0000 0000 0000 0000 0000 0000 0000 0000 0000 0000 0000 0000 0000 0000 0000 0000 0000 0000 0000 0000 0000 0000 0000 0000 0000 0000 0000 0000 0000 0000 0000 0000 0000 0000 0000 0000 0000 0000 0000 0000 0000 0000 0000 0000 0000 0000 0000 0000 0000 0000 0000 0000 0000 0000 0000 0000 0000 0000 0000 0000 0000 0000 0000 0000 0000 0500 0500 0500 0500 0500 0500 0500 0500 0500 0500 0500 0500 0500 0500 0500 0500 0500 0500 0500 0500 0500 0500 0500 0500 0500 0500 0500 0500 0500 0500 0500 0500 0500 0500 0500 0500 0500 0500 0500 0500 0500 0500 0500 0500 0500 0500 0500 
0500 0500 0500 0500 0500 0500 0500 0500 0500 0500 0500 0500 0500 0500 0500 0500 0500 0500 0500 0500 0500 0500 0500 0500 0500 0500 0500 0500 0500 0500 0500 0500 0500 0500 0500 0500 0500 0500 0500 0500 0500 0500 0500 0500 0500 0500 0500 0500 0000 0000 0000 0000 0000 0000 0000 0000 0000 0000 0000 0000 0000 0000 0000 0000 0000 0000 0000 0000 0000 0000 0000 0000 0000 0000 0000 0000 0000 0000 0000 0000 0000 0000 0000 0000 0000 0000 0000 0000 0000 0000 0000 0000 0000 0000 0000 0000 0000 0000 0000 0000 0000 0000 0000 0000 0000 0000 0000 0000 0000 0000 0000 0000 0000 0500 0500 0500 0500 0500 0500 0500 0500 0500 0500 0500 0500 0500 0500 0500 0500 0500 0500 0500 0500 0500 0500 0500 0500 0500 0500 0500 0500 0500 0500 0500 0500 0500 0500 0500 0500 0500 0500 0500 0500 0500 0500 0500 0500 0500 0500 0500 
0500 0500 0500 0500 0500 0500 0500 0500 0500 0500 0500 0500 0500 0500 0500 0500 0500 0500 0500 0500 0500 0500 0500 0500 0500 0500 0500 0500 0500 0500 0500 0500 0500 0500 0500 0500 0500 0500 0500 0500 0500 0500 0500 0500 0500 0500 0500 0500 0000 0000 0000 0000 0000 0000 0000 0000 0000 0000 0100 0110 0120 0130 0000 0000 0000 0000 0000 0000 0100 0110 0120 0130 0000 0000 0000 0000 0000 0000 0100 0110 0120 0130 0000 0000 0000 0000 0000 0000 0100 0110 0120 0130 0000 0000 0000 0000 0000 0000 0100 0110 0120 0130 0000 0000 0000 0000 0000 0000 0000 0000 0000 0000 0000 0500 0500 0500 0500 0500 0500 0500 0500 0500 0500 0500 0500 0500 0500 0500 0500 0500 0500 0500 0500 0500 0500 0500 0500 0500 0500 0500 0500 0500 0500 0500 0500 0500 0500 0500 0500 0500 0500 0500 0500 0500 0500 0500 0500 0500 0500 0500 
0500 0500 0500 0500 0500 0500 0500 0500 0500 0500 0500 0500 0500 0500 0500 0500 0500 0500 0500 0500 0500 0500 0500 0500 0500 0500 0500 0500 0500 0500 0500 0500 0500 0500 0500 0500 0500 0500 0500 0500 0500 0500 0500 0500 0500 0500 0500 0500 0000 0000 0000 0000 0000 0000 0000 0000 0000 0000 0140 0150 0160 0170 0000 0000 0000 0000 0000 0000 0140 0150 0160 0170 0000 0000 0000 0000 0000 0000 0140 0150 0160 0170 0000 0000 0000 0000 0000 0000 0140 0150 0160 0170 0000 0000 0000 0000 0000 0000 0140 0150 0160 0170 0000 0000 0000 0000 0000 0000 0000 0000 0000 0000 0000 0500 0500 0500 0500 0500 0500 0500 0500 0500 0500 0500 0500 0500 0500 0500 0500 0500 0500 0500 0500 0500 0500 0500 0500 0500 0500 0500 0500 0500 0500 0500 0500 0500 0500 0500 0500 0500 0500 0500 0500 0500 0500 0500 0500 0500 0500 0500 
0500 0500 0500 0500 0500 0500 0500 0500 0500 0500 0500 0500 0500 0500 0500 0500 0500 0500 0500 0500 0500 0500 0500 0500 0500 0500 0500 0500 0500 0500 0500 0500 0500 0500 0500 0500 0500 0500 0500 0500 0500 0500 0500 0500 0500 0500 0500 0500 0000 0000 0000 0000 0000 0000 0000 0000 0000 0000 0180 0190 01A0 01B0 0000 0000 0000 0000 0000 0000 0180 0190 01A0 01B0 0000 0000 0000 0000 0000 0000 0180 0190 01A0 01B0 0000 0000 0000 0000 0000 0000 0180 0190 01A0 01B0 0000 0000 0000 0000 0000 0000 0180 0190 01A0 01B0 0000 0000 0000 0000 0000 0000 0000 0000 0000 0000 0000 0500 0500 0500 0500 0500 0500 0500 0500 0500 0500 0500 0500 0500 0500 0500 0500 0500 0500 0500 0500 0500 0500 0500 0500 0500 0500 0500 0500 0500 0500 0500 0500 0500 0500 0500 0500 0500 0500 0500 0500 0500 0500 0500 0500 0500 0500 0500 
0500 0500 0500 0500 0500 0500 0500 0500 0500 0500 0500 0500 0500 0500 0500 0500 0500 0500 0500 0500 0500 0500 0500 0500 0500 0500 0500 0500 0500 0500 0500 0500 0500 0500 0500 0500 0500 0500 0500 0500 0500 0500 0500 0500 0500 0500 0500 0500 0000 0000 0000 0000 0000 0000 0000 0000 0000 0000 01C0 01D0 01E0 01F0 0000 0000 0000 0000 0000 0000 01C0 01D0 01E0 01F0 0000 0000 0000 0000 0000 0000 01C0 01D0 01E0 01F0 0000 0000 0000 0000 0000 0000 01C0 01D0 01E0 01F0 0000 0000 0000 0000 0000 0000 01C0 01D0 01E0 01F0 0000 0000 0000 0000 0000 0000 0000 0000 0000 0000 0000 0500 0500 0500 0500 0500 0500 0500 0500 0500 0500 0500 0500 0500 0500 0500 0500 0500 0500 0500 0500 0500 0500 0500 0500 0500 0500 0500 0500 0500 0500 0500 0500 0500 0500 0500 0500 0500 0500 0500 0500 0500 0500 0500 0500 0500 0500 0500 
0500 0500 0500 0500 0500 0500 0500 0500 0500 0500 0500 0500 0500 0500 0500 0500 0500 0500 0500 0500 0500 0500 0500 0500 0500 0500 0500 0500 0500 0500 0500 0500 0500 0500 0500 0500 0500 0500 0500 0500 0500 0500 0500 0500 0500 0500 0500 0500 0000 0000 0000 0000 0000 0000 0000 0000 0000 0000 0000 0000 0000 0000 0000 0000 0000 0000 0000 0000 0000 0000 0000 0000 0000 0000 0000 0000 0000 0000 0000 0000 0000 0000 0000 0000 0000 0000 0000 0000 0000 0000 0000 0000 0000 0000 0000 0000 0000 0000 0000 0000 0000 0000 0000 0000 0000 0000 0000 0000 0000 0000 0000 0000 0000 0500 0500 0500 0500 0500 0500 0500 0500 0500 0500 0500 0500 0500 0500 0500 0500 0500 0500 0500 0500 0500 0500 0500 0500 0500 0500 0500 0500 0500 0500 0500 0500 0500 0500 0500 0500 0500 0500 0500 0500 0500 0500 0500 0500 0500 0500 0500 
0500 0500 0500 0500 0500 0500 0500 0500 0500 0500 0500 0500 0500 0500 0500 0500 0500 0500 0500 0500 0500 0500 0500 0500 0500 0500 0500 0500 0500 0500 0500 0500 0500 0500 0500 0500 0500 0500 0500 0500 0500 0500 0500 0500 0500 0500 0500 0500 0000 0000 0000 0000 0000 0000 0000 0000 0000 0000 0000 0000 0000 0000 0000 0000 0000 0000 0000 0000 0000 0000 0000 0000 0000 0000 0000 0000 0000 0000 0000 0000 0000 0000 0000 0000 0000 0000 0000 0000 0000 0000 0000 0000 0000 0000 0000 0000 0000 0000 0000 0000 0000 0000 0000 0000 0000 0000 0000 0000 0000 0000 0000 0000 0000 0500 0500 0500 0500 0500 0500 0500 0500 0500 0500 0500 0500 0500 0500 0500 0500 0500 0500 0500 0500 0500 0500 0500 0500 0500 0500 0500 0500 0500 0500 0500 0500 0500 0500 0500 0500 0500 0500 0500 0500 0500 0500 0500 0500 0500 0500 0500 
0500 0500 0500 0500 0500 0500 0500 0500 0500 0500 0500 0500 0500 0500 0500 0500 0500 0500 0500 0500 0500 0500 0500 0500 0500 0500 0500 0500 0500 0500 0500 0500 0500 0500 0500 0500 0500 0500 0500 0500 0500 0500 0500 0500 0500 0500 0500 0500 0000 0000 0000 0000 0000 0000 0000 0000 0000 0000 0000 0000 0000 0000 0000 0000 0000 0000 0000 0000 0000 0000 0000 0000 0000 0000 0000 0000 0000 0000 0000 0000 0000 0000 0000 0000 0000 0000 0000 0000 0000 0000 0000 0000 0000 0000 0000 0000 0000 0000 0000 0000 0000 0000 0000 0000 0000 0000 0000 0000 0000 0000 0000 0000 0000 0500 0500 0500 0500 0500 0500 0500 0500 0500 0500 0500 0500 0500 0500 0500 0500 0500 0500 0500 0500 0500 0500 0500 0500 0500 0500 0500 0500 0500 0500 0500 0500 0500 0500 0500 0500 0500 0500 0500 0500 0500 0500 0500 0500 0500 0500 0500 
0500 0500 0500 0500 0500 0500 0500 0500 0500 0500 0500 0500 0500 0500 0500 0500 0500 0500 0500 0500 0500 0500 0500 0500 0500 0500 0500 0500 0500 0500 0500 0500 0500 0500 0500 0500 0500 0500 0500 0500 0500 0500 0500 0500 0500 0500 0500 0500 0000 0000 0000 0000 0000 0000 0000 0000 0000 0000 0000 0000 0000 0000 0000 0000 0000 0000 0000 0000 0000 0000 0000 0000 0000 0000 0000 0000 0000 0000 0000 0000 0000 0000 0000 0000 0000 0000 0000 0000 0000 0000 0000 0000 0000 0000 0000 0000 0000 0000 0000 0000 0000 0000 0000 0000 0000 0000 0000 0000 0000 0000 0000 0000 0000 0500 0500 0500 0500 0500 0500 0500 0500 0500 0500 0500 0500 0500 0500 0500 0500 0500 0500 0500 0500 0500 0500 0500 0500 0500 0500 0500 0500 0500 0500 0500 0500 0500 0500 0500 0500 0500 0500 0500 0500 0500 0500 0500 0500 0500 0500 0500 
0500 0500 0500 0500 0500 0500 0500 0500 0500 0500 0500 0500 0500 0500 0500 0500 0500 0500 0500 0500 0500 0500 0500 0500 0500 0500 0500 0500 0500 0500 0500 0500 0500 0500 0500 0500 0500 0500 0500 0500 0500 0500 0500 0500 0500 0500 0500 0500 0000 0000 0000 0000 0000 0000 0000 0000 0000 0000 0000 0000 0000 0000 0000 0000 0000 0000 0000 0000 0000 0000 0000 0000 0000 0000 0000 0000 0000 0000 0000 0000 0000 0000 0000 0000 0000 0000 0000 0000 0000 0000 0000 0000 0000 0000 0000 0000 0000 0000 0000 0000 0000 0000 0000 0000 0000 0000 0000 0000 0000 0000 0000 0000 0000 0500 0500 0500 0500 0500 0500 0500 0500 0500 0500 0500 0500 0500 0500 0500 0500 0500 0500 0500 0500 0500 0500 0500 0500 0500 0500 0500 0500 0500 0500 0500 0500 0500 0500 0500 0500 0500 0500 0500 0500 0500 0500 0500 0500 0500 0500 0500 
0500 0500 0500 0500 0500 0500 0500 0500 0500 0500 0500 0500 0500 0500 0500 0500 0500 0500 0500 0500 0500 0500 0500 0500 0500 0500 0500 0500 0500 0500 0500 0500 0500 0500 0500 0500 0500 0500 0500 0500 0500 0500 0500 0500 0500 0500 0500 0500 0000 0000 0000 0000 0000 0000 0000 0000 0000 0000 0000 0000 0000 0000 0000 0000 0000 0000 0000 0000 0000 0000 0000 0000 0000 0000 0000 0000 0000 0000 0000 0000 0000 0000 0000 0000 0000 0000 0000 0000 0000 0000 0000 0000 0000 0000 0000 0000 0000 0000 0000 0000 0000 0000 0000 0000 0000 0000 0000 0000 0000 0000 0000 0000 0000 0500 0500 0500 0500 0500 0500 0500 0500 0500 0500 0500 0500 0500 0500 0500 0500 0500 0500 0500 0500 0500 0500 0500 0500 0500 0500 0500 0500 0500 0500 0500 0500 0500 0500 0500 0500 0500 0500 0500 0500 0500 0500 0500 0500 0500 0500 0500 
0500 0500 0500 0500 0500 0500 0500 0500 0500 0500 0500 0500 0500 0500 0500 0500 0500 0500 0500 0500 0500 0500 0500 0500 0500 0500 0500 0500 0500 0500 0500 0500 0500 0500 0500 0500 0500 0500 0500 0500 0500 0500 0500 0500 0500 0500 0500 0500 0000 0000 0000 0000 0000 0000 0000 0000 0000 0000 0300 0310 0320 0330 0000 0000 0000 0000 0000 0000 0300 0310 0320 0330 0000 0000 0000 0000 0000 0000 0300 0310 0320 0330 0000 0000 0000 0000 0000 0000 0300 0310 0320 0330 0000 0000 0000 0000 0000 0000 0300 0310 0320 0330 0000 0000 0000 0000 0000 0000 0000 0000 0000 0000 0000 0500 0500 0500 0500 0500 0500 0500 0500 0500 0500 0500 0500 0500 0500 0500 0500 0500 0500 0500 0500 0500 0500 0500 0500 0500 0500 0500 0500 0500 0500 0500 0500 0500 0500 0500 0500 0500 0500 0500 0500 0500 0500 0500 0500 0500 0500 0500 
0500 0500 0500 0500 0500 0500 0500 0500 0500 0500 0500 0500 0500 0500 0500 0500 0500 0500 0500 0500 0500 0500 0500 0500 0500 0500 0500 0500 0500 0500 0500 0500 0500 0500 0500 0500 0500 0500 0500 0500 0500 0500 0500 0500 0500 0500 0500 0500 0000 0000 0000 0000 0000 0000 0000 0000 0000 0000 0340 0350 0360 0370 0000 0000 0000 0000 0000 0000 0340 0350 0360 0370 0000 0000 0000 0000 0000 0000 0340 0350 0360 0370 0000 0000 0000 0000 0000 0000 0340 0350 0360 0370 0000 0000 0000 0000 0000 0000 0340 0350 0360 0370 0000 0000 0000 0000 0000 0000 0000 0000 0000 0000 0000 0500 0500 0500 0500 0500 0500 0500 0500 0500 0500 0500 0500 0500 0500 0500 0500 0500 0500 0500 0500 0500 0500 0500 0500 0500 0500 0500 0500 0500 0500 0500 0500 0500 0500 0500 0500 0500 0500 0500 0500 0500 0500 0500 0500 0500 0500 0500 
0500 0500 0500 0500 0500 0500 0500 0500 0500 0500 0500 0500 0500 0500 0500 0500 0500 0500 0500 0500 0500 0500 0500 0500 0500 0500 0500 0500 0500 0500 0500 0500 0500 0500 0500 0500 0500 0500 0500 0500 0500 0500 0500 0500 0500 0500 0500 0500 0000 0000 0000 0000 0000 0000 0000 0000 0000 0000 0380 0390 03A0 03B0 0000 0000 0000 0000 0000 0000 0380 0390 03A0 03B0 0000 0000 0000 0000 0000 0000 0380 0390 03A0 03B0 0000 0000 0000 0000 0000 0000 0380 0390 03A0 03B0 0000 0000 0000 0000 0000 0000 0380 0390 03A0 03B0 0000 0000 0000 0000 0000 0000 0000 0000 0000 0000 0000 0500 0500 0500 0500 0500 0500 0500 0500 0500 0500 0500 0500 0500 0500 0500 0500 0500 0500 0500 0500 0500 0500 0500 0500 0500 0500 0500 0500 0500 0500 0500 0500 0500 0500 0500 0500 0500 0500 0500 0500 0500 0500 0500 0500 0500 0500 0500 
0500 0500 0500 0500 0500 0500 0500 0500 0500 0500 0500 0500 0500 0500 0500 0500 0500 0500 0500 0500 0500 0500 0500 0500 0500 0500 0500 0500 0500 0500 0500 0500 0500 0500 0500 0500 0500 0500 0500 0500 0500 0500 0500 0500 0500 0500 0500 0500 0000 0000 0000 0000 0000 0000 0000 0000 0000 0000 03C0 03D0 03E0 03F0 0000 0000 0000 0000 0000 0000 03C0 03D0 03E0 03F0 0000 0000 0000 0000 0000 0000 03C0 03D0 03E0 03F0 0000 0000 0000 0000 0000 0000 03C0 03D0 03E0 03F0 0000 0000 0000 0000 0000 0000 03C0 03D0 03E0 03F0 0000 0000 0000 0000 0000 0000 0000 0000 0000 0000 0000 0500 0500 0500 0500 0500 0500 0500 0500 0500 0500 0500 0500 0500 0500 0500 0500 0500 0500 0500 0500 0500 0500 0500 0500 0500 0500 0500 0500 0500 0500 0500 0500 0500 0500 0500 0500 0500 0500 0500 0500 0500 0500 0500 0500 0500 0500 0500 
0500 0500 0500 0500 0500 0500 0500 0500 0500 0500 0500 0500 0500 0500 0500 0500 0500 0500 0500 0500 0500 0500 0500 0500 0500 0500 0500 0500 0500 0500 0500 0500 0500 0500 0500 0500 0500 0500 0500 0500 0500 0500 0500 0500 0500 0500 0500 0500 0000 0000 0000 0000 0000 0000 0000 0000 0000 0000 0000 0000 0000 0000 0000 0000 0000 0000 0000 0000 0000 0000 0000 0000 0000 0000 0000 0000 0000 0000 0000 0000 0000 0000 0000 0000 0000 0000 0000 0000 0000 0000 0000 0000 0000 0000 0000 0000 0000 0000 0000 0000 0000 0000 0000 0000 0000 0000 0000 0000 0000 0000 0000 0000 0000 0500 0500 0500 0500 0500 0500 0500 0500 0500 0500 0500 0500 0500 0500 0500 0500 0500 0500 0500 0500 0500 0500 0500 0500 0500 0500 0500 0500 0500 0500 0500 0500 0500 0500 0500 0500 0500 0500 0500 0500 0500 0500 0500 0500 0500 0500 0500 
0500 0500 0500 0500 0500 0500 0500 0500 0500 0500 0500 0500 0500 0500 0500 0500 0500 0500 0500 0500 0500 0500 0500 0500 0500 0500 0500 0500 0500 0500 0500 0500 0500 0500 0500 0500 0500 0500 0500 0500 0500 0500 0500 0500 0500 0500 0500 0500 0000 0000 0000 0000 0000 0000 0000 0000 0000 0000 0000 0000 0000 0000 0000 0000 0000 0000 0000 0000 0000 0000 0000 0000 0000 0000 0000 0000 0000 0000 0000 0000 0000 0000 0000 0000 0000 0000 0000 0000 0000 0000 0000 0000 0000 0000 0000 0000 0000 0000 0000 0000 0000 0000 0000 0000 0000 0000 0000 0000 0000 0000 0000 0000 0000 0500 0500 0500 0500 0500 0500 0500 0500 0500 0500 0500 0500 0500 0500 0500 0500 0500 0500 0500 0500 0500 0500 0500 0500 0500 0500 0500 0500 0500 0500 0500 0500 0500 0500 0500 0500 0500 0500 0500 0500 0500 0500 0500 0500 0500 0500 0500 
0500 0500 0500 0500 0500 0500 0500 0500 0500 0500 0500 0500 0500 0500 0500 0500 0500 0500 0500 0500 0500 0500 0500 0500 0500 0500 0500 0500 0500 0500 0500 0500 0500 0500 0500 0500 0500 0500 0500 0500 0500 0500 0500 0500 0500 0500 0500 0500 0000 0000 0000 0000 0000 0000 0000 0000 0000 0000 0000 0000 0000 0000 0000 0000 0000 0000 0000 0000 0000 0000 0000 0000 0000 0000 0000 0000 0000 0000 0000 0000 0000 0000 0000 0000 0000 0000 0000 0000 0000 0000 0000 0000 0000 0000 0000 0000 0000 0000 0000 0000 0000 0000 0000 0000 0000 0000 0000 0000 0000 0000 0000 0000 0000 0500 0500 0500 0500 0500 0500 0500 0500 0500 0500 0500 0500 0500 0500 0500 0500 0500 0500 0500 0500 0500 0500 0500 0500 0500 0500 0500 0500 0500 0500 0500 0500 0500 0500 0500 0500 0500 0500 0500 0500 0500 0500 0500 0500 0500 0500 0500 
0500 0500 0500 0500 0500 0500 0500 0500 0500 0500 0500 0500 0500 0500 0500 0500 0500 0500 0500 0500 0500 0500 0500 0500 0500 0500 0500 0500 0500 0500 0500 0500 0500 0500 0500 0500 0500 0500 0500 0500 0500 0500 0500 0500 0500 0500 0500 0500 0000 0000 0000 0000 0000 0000 0000 0000 0000 0000 0000 0000 0000 0000 0000 0000 0000 0000 0000 0000 0000 0000 0000 0000 0000 0000 0000 0000 0000 0000 0000 0000 0000 0000 0000 0000 0000 0000 0000 0000 0000 0000 0000 0000 0000 0000 0000 0000 0000 0000 0000 0000 0000 0000 0000 0000 0000 0000 0000 0000 0000 0000 0000 0000 0000 0500 0500 0500 0500 0500 0500 0500 0500 0500 0500 0500 0500 0500 0500 0500 0500 0500 0500 0500 0500 0500 0500 0500 0500 0500 0500 0500 0500 0500 0500 0500 0500 0500 0500 0500 0500 0500 0500 0500 0500 0500 0500 0500 0500 0500 0500 0500 
0500 0500 0500 0500 0500 0500 0500 0500 0500 0500 0500 0500 0500 0500 0500 0500 0500 0500 0500 0500 0500 0500 0500 0500 0500 0500 0500 0500 0500 0500 0500 0500 0500 0500 0500 0500 0500 0500 0500 0500 0500 0500 0500 0500 0500 0500 0500 0500 0000 0000 0000 0000 0000 0000 0000 0000 0000 0000 0000 0000 0000 0000 0000 0000 0000 0000 0000 0000 0000 0000 0000 0000 0000 0000 0000 0000 0000 0000 0000 0000 0000 0000 0000 0000 0000 0000 0000 0000 0000 0000 0000 0000 0000 0000 0000 0000 0000 0000 0000 0000 0000 0000 0000 0000 0000 0000 0000 0000 0000 0000 0000 0000 0000 0500 0500 0500 0500 0500 0500 0500 0500 0500 0500 0500 0500 0500 0500 0500 0500 0500 0500 0500 0500 0500 0500 0500 0500 0500 0500 0500 0500 0500 0500 0500 0500 0500 0500 0500 0500 0500 0500 0500 0500 0500 0500 0500 0500 0500 0500 0500 
0500 0500 0500 0500 0500 0500 0500 0500 0500 0500 0500 0500 0500 0500 0500 0500 0500 0500 0500 0500 0500 0500 0500 0500 0500 0500 0500 0500 0500 0500 0500 0500 0500 0500 0500 0500 0500 0500 0500 0500 0500 0500 0500 0500 0500 0500 0500 0500 0000 0000 0000 0000 0000 0000 0000 0000 0000 0000 0000 0000 0000 0000 0000 0000 0000 0000 0000 0000 0000 0000 0000 0000 0000 0000 0000 0000 0000 0000 0000 0000 0000 0000 0000 0000 0000 0000 0000 0000 0000 0000 0000 0000 0000 0000 0000 0000 0000 0000 0000 0000 0000 0000 0000 0000 0000 0000 0000 0000 0000 0000 0000 0000 0000 0500 0500 0500 0500 0500 0500 0500 0500 0500 0500 0500 0500 0500 0500 0500 0500 0500 0500 0500 0500 0500 0500 0500 0500 0500 0500 0500 0500 0500 0500 0500 0500 0500 0500 0500 0500 0500 0500 0500 0500 0500 0500 0500 0500 0500 0500 0500 
0500 0500 0500 0500 0500 0500 0500 0500 0500 0500 0500 0500 0500 0500 0500 0500 0500 0500 0500 0500 0500 0500 0500 0500 0500 0500 0500 0500 0500 0500 0500 0500 0500 0500 0500 0500 0500 0500 0500 0500 0500 0500 0500 0500 0500 0500 0500 0500 0000 0000 0000 0000 0000 0000 0000 0000 0000 0000 0200 0210 0220 0230 0000 0000 0000 0000 0000 0000 0400 0410 0420 0430 0000 0000 0000 0000 0000 0000 0200 0210 0220 0230 0000 0000 0000 0000 0000 0000 0400 0410 0420 0430 0000 0000 0000 0000 0000 0000 0200 0210 0220 0230 0000 0000 0000 0000 0000 0000 0000 0000 0000 0000 0000 0500 0500 0500 0500 0500 0500 0500 0500 0500 0500 0500 0500 0500 0500 0500 0500 0500 0500 0500 0500 0500 0500 0500 0500 0500 0500 0500 0500 0500 0500 0500 0500 0500 0500 0500 0500 0500 0500 0500 0500 0500 0500 0500 0500 0500 0500 0500 
0500 0500 0500 0500 0500 0500 0500 0500 0500 0500 0500 0500 0500 0500 0500 0500 0500 0500 0500 0500 0500 0500 0500 0500 0500 0500 0500 0500 0500 0500 0500 0500 0500 0500 0500 0500 0500 0500 0500 0500 0500 0500 0500 0500 0500 0500 0500 0500 0000 0000 0000 0000 0000 0000 0000 0000 0000 0000 0240 0250 0260 0270 0000 0000 0000 0000 0000 0000 0440 0450 0460 0470 0000 0000 0000 0000 0000 0000 0240 0250 0260 0270 0000 0000 0000 0000 0000 0000 0440 0450 0460 0470 0000 0000 0000 0000 0000 0000 0240 0250 0260 0270 0000 0000 0000 0000 0000 0000 0000 0000 0000 0000 0000 0500 0500 0500 0500 0500 0500 0500 0500 0500 0500 0500 0500 0500 0500 0500 0500 0500 0500 0500 0500 0500 0500 0500 0500 0500 0500 0500 0500 0500 0500 0500 0500 0500 0500 0500 0500 0500 0500 0500 0500 0500 0500 0500 0500 0500 0500 0500 
0500 0500 0500 0500 0500 0500 0500 0500 0500 0500 0500 0500 0500 0500 0500 0500 0500 0500 0500 0500 0500 0500 0500 0500 0500 0500 0500 0500 0500 0500 0500 0500 0500 0500 0500 0500 0500 0500 0500 0500 0500 0500 0500 0500 0500 0500 0500 0500 0000 0000 0000 0000 0000 0000 0000 0000 0000 0000 0280 0290 02A0 02B0 0000 0000 0000 0000 0000 0000 0480 0490 04A0 04B0 0000 0000 0000 0000 0000 0000 0280 0290 02A0 02B0 0000 0000 0000 0000 0000 0000 0480 0490 04A0 04B0 0000 0000 0000 0000 0000 0000 0280 0290 02A0 02B0 0000 0000 0000 0000 0000 0000 0000 0000 0000 0000 0000 0500 0500 0500 0500 0500 0500 0500 0500 0500 0500 0500 0500 0500 0500 0500 0500 0500 0500 0500 0500 0500 0500 0500 0500 0500 0500 0500 0500 0500 0500 0500 0500 0500 0500 0500 0500 0500 0500 0500 0500 0500 0500 0500 0500 0500 0500 0500 
0500 0500 0500 0500 0500 0500 0500 0500 0500 0500 0500 0500 0500 0500 0500 0500 0500 0500 0500 0500 0500 0500 0500 0500 0500 0500 0500 0500 0500 0500 0500 0500 0500 0500 0500 0500 0500 0500 0500 0500 0500 0500 0500 0500 0500 0500 0500 0500 0000 0000 0000 0000 0000 0000 0000 0000 0000 0000 02C0 02D0 02E0 02F0 0000 0000 0000 0000 0000 0000 04C0 04D0 04E0 04F0 0000 0000 0000 0000 0000 0000 02C0 02D0 02E0 02F0 0000 0000 0000 0000 0000 0000 04C0 04D0 04E0 04F0 0000 0000 0000 0000 0000 0000 02C0 02D0 02E0 02F0 0000 0000 0000 0000 0000 0000 0000 0000 0000 0000 0000 0500 0500 0500 0500 0500 0500 0500 0500 0500 0500 0500 0500 0500 0500 0500 0500 0500 0500 0500 0500 0500 0500 0500 0500 0500 0500 0500 0500 0500 0500 0500 0500 0500 0500 0500 0500 0500 0500 0500 0500 0500 0500 0500 0500 0500 0500 0500 
0500 0500 0500 0500 0500 0500 0500 0500 0500 0500 0500 0500 0500 0500 0500 0500 0500 0500 0500 0500 0500 0500 0500 0500 0500 0500 0500 0500 0500 0500 0500 0500 0500 0500 0500 0500 0500 0500 0500 0500 0500 0500 0500 0500 0500 0500 0500 0500 0000 0000 0000 0000 0000 0000 0000 0000 0000 0000 0000 0000 0000 0000 0000 0000 0000 0000 0000 0000 0000 0000 0000 0000 0000 0000 0000 0000 0000 0000 0000 0000 0000 0000 0000 0000 0000 0000 0000 0000 0000 0000 0000 0000 0000 0000 0000 0000 0000 0000 0000 0000 0000 0000 0000 0000 0000 0000 0000 0000 0000 0000 0000 0000 0000 0500 0500 0500 0500 0500 0500 0500 0500 0500 0500 0500 0500 0500 0500 0500 0500 0500 0500 0500 0500 0500 0500 0500 0500 0500 0500 0500 0500 0500 0500 0500 0500 0500 0500 0500 0500 0500 0500 0500 0500 0500 0500 0500 0500 0500 0500 0500 
0500 0500 0500 0500 0500 0500 0500 0500 0500 0500 0500 0500 0500 0500 0500 0500 0500 0500 0500 0500 0500 0500 0500 0500 0500 0500 0500 0500 0500 0500 0500 0500 0500 0500 0500 0500 0500 0500 0500 0500 0500 0500 0500 0500 0500 0500 0500 0500 0000 0000 0000 0000 0000 0000 0000 0000 0000 0000 0000 0000 0000 0000 0000 0000 0000 0000 0000 0000 0000 0000 0000 0000 0000 0000 0000 0000 0000 0000 0000 0000 0000 0000 0000 0000 0000 0000 0000 0000 0000 0000 0000 0000 0000 0000 0000 0000 0000 0000 0000 0000 0000 0000 0000 0000 0000 0000 0000 0000 0000 0000 0000 0000 0000 0500 0500 0500 0500 0500 0500 0500 0500 0500 0500 0500 0500 0500 0500 0500 0500 0500 0500 0500 0500 0500 0500 0500 0500 0500 0500 0500 0500 0500 0500 0500 0500 0500 0500 0500 0500 0500 0500 0500 0500 0500 0500 0500 0500 0500 0500 0500 
0500 0500 0500 0500 0500 0500 0500 0500 0500 0500 0500 0500 0500 0500 0500 0500 0500 0500 0500 0500 0500 0500 0500 0500 0500 0500 0500 0500 0500 0500 0500 0500 0500 0500 0500 0500 0500 0500 0500 0500 0500 0500 0500 0500 0500 0500 0500 0500 0000 0000 0000 0000 0000 0000 0000 0000 0000 0000 0000 0000 0000 0000 0000 0000 0000 0000 0000 0000 0000 0000 0000 0000 0000 0000 0000 0000 0000 0000 0000 0000 0000 0000 0000 0000 0000 0000 0000 0000 0000 0000 0000 0000 0000 0000 0000 0000 0000 0000 0000 0000 0000 0000 0000 0000 0000 0000 0000 0000 0000 0000 0000 0000 0000 0500 0500 0500 0500 0500 0500 0500 0500 0500 0500 0500 0500 0500 0500 0500 0500 0500 0500 0500 0500 0500 0500 0500 0500 0500 0500 0500 0500 0500 0500 0500 0500 0500 0500 0500 0500 0500 0500 0500 0500 0500 0500 0500 0500 0500 0500 0500 
0500 0500 0500 0500 0500 0500 0500 0500 0500 0500 0500 0500 0500 0500 0500 0500 0500 0500 0500 0500 0500 0500 0500 0500 0500 0500 0500 0500 0500 0500 0500 0500 0500 0500 0500 0500 0500 0500 0500 0500 0500 0500 0500 0500 0500 0500 0500 0500 0000 0000 0000 0000 0000 0000 0000 0000 0000 0000 0000 0000 0000 0000 0000 0000 0000 0000 0000 0000 0000 0000 0000 0000 0000 0000 0000 0000 0000 0000 0000 0000 0000 0000 0000 0000 0000 0000 0000 0000 0000 0000 0000 0000 0000 0000 0000 0000 0000 0000 0000 0000 0000 0000 0000 0000 0000 0000 0000 0000 0000 0000 0000 0000 0000 0500 0500 0500 0500 0500 0500 0500 0500 0500 0500 0500 0500 0500 0500 0500 0500 0500 0500 0500 0500 0500 0500 0500 0500 0500 0500 0500 0500 0500 0500 0500 0500 0500 0500 0500 0500 0500 0500 0500 0500 0500 0500 0500 0500 0500 0500 0500 
0500 0500 0500 0500 0500 0500 0500 0500 0500 0500 0500 0500 0500 0500 0500 0500 0500 0500 0500 0500 0500 0500 0500 0500 0500 0500 0500 0500 0500 0500 0500 0500 0500 0500 0500 0500 0500 0500 0500 0500 0500 0500 0500 0500 0500 0500 0500 0500 0000 0000 0000 0000 0000 0000 0000 0000 0000 0000 0000 0000 0000 0000 0000 0000 0000 0000 0000 0000 0000 0000 0000 0000 0000 0000 0000 0000 0000 0000 0000 0000 0000 0000 0000 0000 0000 0000 0000 0000 0000 0000 0000 0000 0000 0000 0000 0000 0000 0000 0000 0000 0000 0000 0000 0000 0000 0000 0000 0000 0000 0000 0000 0000 0000 0500 0500 0500 0500 0500 0500 0500 0500 0500 0500 0500 0500 0500 0500 0500 0500 0500 0500 0500 0500 0500 0500 0500 0500 0500 0500 0500 0500 0500 0500 0500 0500 0500 0500 0500 0500 0500 0500 0500 0500 0500 0500 0500 0500 0500 0500 0500 
0500 0500 0500 0500 0500 0500 0500 0500 0500 0500 0500 0500 0500 0500 0500 0500 0500 0500 0500 0500 0500 0500 0500 0500 0500 0500 0500 0500 0500 0500 0500 0500 0500 0500 0500 0500 0500 0500 0500 0500 0500 0500 0500 0500 0500 0500 0500 0500 0000 0000 0000 0000 0000 0000 0000 0000 0000 0000 0000 0000 0000 0000 0000 0000 0000 0000 0000 0000 0000 0000 0000 0000 0000 0000 0000 0000 0000 0000 0000 0000 0000 0000 0000 0000 0000 0000 0000 0000 0000 0000 0000 0000 0000 0000 0000 0000 0000 0000 0000 0000 0000 0000 0000 0000 0000 0000 0000 0000 0000 0000 0000 0000 0000 0500 0500 0500 0500 0500 0500 0500 0500 0500 0500 0500 0500 0500 0500 0500 0500 0500 0500 0500 0500 0500 0500 0500 0500 0500 0500 0500 0500 0500 0500 0500 0500 0500 0500 0500 0500 0500 0500 0500 0500 0500 0500 0500 0500 0500 0500 0500 
0500 0500 0500 0500 0500 0500 0500 0500 0500 0500 0500 0500 0500 0500 0500 0500 0500 0500 0500 0500 0500 0500 0500 0500 0500 0500 0500 0500 0500 0500 0500 0500 0500 0500 0500 0500 0500 0500 0500 0500 0500 0500 0500 0500 0500 0500 0500 0500 0000 0000 0000 0000 0000 0000 0000 0000 0000 0000 0000 0000 0000 0000 0000 0000 0000 0000 0000 0000 0000 0000 0000 0000 0000 0000 0000 0000 0000 0000 0000 0000 0000 0000 0000 0000 0000 0000 0000 0000 0000 0000 0000 0000 0000 0000 0000 0000 0000 0000 0000 0000 0000 0000 0000 0000 0000 0000 0000 0000 0000 0000 0000 0000 0000 0500 0500 0500 0500 0500 0500 0500 0500 0500 0500 0500 0500 0500 0500 0500 0500 0500 0500 0500 0500 0500 0500 0500 0500 0500 0500 0500 0500 0500 0500 0500 0500 0500 0500 0500 0500 0500 0500 0500 0500 0500 0500 0500 0500 0500 0500 0500 
0500 0500 0500 0500 0500 0500 0500 0500 0500 0500 0500 0500 0500 0500 0500 0500 0500 0500 0500 0500 0500 0500 0500 0500 0500 0500 0500 0500 0500 0500 0500 0500 0500 0500 0500 0500 0500 0500 0500 0500 0500 0500 0500 0500 0500 0500 0500 0500 0000 0000 0000 0000 0000 0000 0000 0000 0000 0000 0000 0000 0000 0000 0000 0000 0000 0000 0000 0000 0000 0000 0000 0000 0000 0000 0000 0000 0000 0000 0000 0000 0000 0000 0000 0000 0000 0000 0000 0000 0000 0000 0000 0000 0000 0000 0000 0000 0000 0000 0000 0000 0000 0000 0000 0000 0000 0000 0000 0000 0000 0000 0000 0000 0000 0500 0500 0500 0500 0500 0500 0500 0500 0500 0500 0500 0500 0500 0500 0500 0500 0500 0500 0500 0500 0500 0500 0500 0500 0500 0500 0500 0500 0500 0500 0500 0500 0500 0500 0500 0500 0500 0500 0500 0500 0500 0500 0500 0500 0500 0500 0500 
0500 0500 0500 0500 0500 0500 0500 0500 0500 0500 0500 0500 0500 0500 0500 0500 0500 0500 0500 0500 0500 0500 0500 0500 0500 0500 0500 0500 0500 0500 0500 0500 0500 0500 0500 0500 0500 0500 0500 0500 0500 0500 0500 0500 0500 0500 0500 0500 0000 0000 0000 0000 0000 0000 0000 0000 0000 0000 0000 0000 0000 0000 0000 0000 0000 0000 0000 0000 0000 0000 0000 0000 0000 0000 0000 0000 0000 0000 0000 0000 0000 0000 0000 0000 0000 0000 0000 0000 0000 0000 0000 0000 0000 0000 0000 0000 0000 0000 0000 0000 0000 0000 0000 0000 0000 0000 0000 0000 0000 0000 0000 0000 0000 0500 0500 0500 0500 0500 0500 0500 0500 0500 0500 0500 0500 0500 0500 0500 0500 0500 0500 0500 0500 0500 0500 0500 0500 0500 0500 0500 0500 0500 0500 0500 0500 0500 0500 0500 0500 0500 0500 0500 0500 0500 0500 0500 0500 0500 0500 0500 
0500 0500 0500 0500 0500 0500 0500 0500 0500 0500 0500 0500 0500 0500 0500 0500 0500 0500 0500 0500 0500 0500 0500 0500 0500 0500 0500 0500 0500 0500 0500 0500 0500 0500 0500 0500 0500 0500 0500 0500 0500 0500 0500 0500 0500 0500 0500 0500 0000 0000 0000 0000 0000 0000 0000 0000 0000 0000 0000 0000 0000 0000 0000 0000 0000 0000 0000 0000 0000 0000 0000 0000 0000 0000 0000 0000 0000 0000 0000 0000 0000 0000 0000 0000 0000 0000 0000 0000 0000 0000 0000 0000 0000 0000 0000 0000 0000 0000 0000 0000 0000 0000 0000 0000 0000 0000 0000 0000 0000 0000 0000 0000 0000 0500 0500 0500 0500 0500 0500 0500 0500 0500 0500 0500 0500 0500 0500 0500 0500 0500 0500 0500 0500 0500 0500 0500 0500 0500 0500 0500 0500 0500 0500 0500 0500 0500 0500 0500 0500 0500 0500 0500 0500 0500 0500 0500 0500 0500 0500 0500 
0500 0500 0500 0500 0500 0500 0500 0500 0500 0500 0500 0500 0500 0500 0500 0500 0500 0500 0500 0500 0500 0500 0500 0500 0500 0500 0500 0500 0500 0500 0500 0500 0500 0500 0500 0500 0500 0500 0500 0500 0500 0500 0500 0500 0500 0500 0500 0500 0000 0000 0000 0000 0000 0000 0000 0000 0000 0000 0000 0000 0000 0000 0000 0000 0000 0000 0000 0000 0000 0000 0000 0000 0000 0000 0000 0000 0000 0000 0000 0000 0000 0000 0000 0000 0000 0000 0000 0000 0000 0000 0000 0000 0000 0000 0000 0000 0000 0000 0000 0000 0000 0000 0000 0000 0000 0000 0000 0000 0000 0000 0000 0000 0000 0500 0500 0500 0500 0500 0500 0500 0500 0500 0500 0500 0500 0500 0500 0500 0500 0500 0500 0500 0500 0500 0500 0500 0500 0500 0500 0500 0500 0500 0500 0500 0500 0500 0500 0500 0500 0500 0500 0500 0500 0500 0500 0500 0500 0500 0500 0500 
0500 0500 0500 0500 0500 0500 0500 0500 0500 0500 0500 0500 0500 0500 0500 0500 0500 0500 0500 0500 0500 0500 0500 0500 0500 0500 0500 0500 0500 0500 0500 0500 0500 0500 0500 0500 0500 0500 0500 0500 0500 0500 0500 0500 0500 0500 0500 0500 0000 0000 0000 0000 0000 0000 0000 0000 0000 0000 0000 0000 0000 0000 0000 0000 0000 0000 0000 0000 0000 0000 0000 0000 0000 0000 0000 0000 0000 0000 0000 0000 0000 0000 0000 0000 0000 0000 0000 0000 0000 0000 0000 0000 0000 0000 0000 0000 0000 0000 0000 0000 0000 0000 0000 0000 0000 0000 0000 0000 0000 0000 0000 0000 0000 0500 0500 0500 0500 0500 0500 0500 0500 0500 0500 0500 0500 0500 0500 0500 0500 0500 0500 0500 0500 0500 0500 0500 0500 0500 0500 0500 0500 0500 0500 0500 0500 0500 0500 0500 0500 0500 0500 0500 0500 0500 0500 0500 0500 0500 0500 0500 
0500 0500 0500 0500 0500 0500 0500 0500 0500 0500 0500 0500 0500 0500 0500 0500 0500 0500 0500 0500 0500 0500 0500 0500 0500 0500 0500 0500 0500 0500 0500 0500 0500 0500 0500 0500 0500 0500 0500 0500 0500 0500 0500 0500 0500 0500 0500 0500 0000 0000 0000 0000 0000 0000 0000 0000 0000 0000 0000 0000 0000 0000 0000 0000 0000 0000 0000 0000 0000 0000 0000 0000 0000 0000 0000 0000 0000 0000 0000 0000 0000 0000 0000 0000 0000 0000 0000 0000 0000 0000 0000 0000 0000 0000 0000 0000 0000 0000 0000 0000 0000 0000 0000 0000 0000 0000 0000 0000 0000 0000 0000 0000 0000 0500 0500 0500 0500 0500 0500 0500 0500 0500 0500 0500 0500 0500 0500 0500 0500 0500 0500 0500 0500 0500 0500 0500 0500 0500 0500 0500 0500 0500 0500 0500 0500 0500 0500 0500 0500 0500 0500 0500 0500 0500 0500 0500 0500 0500 0500 0500 
0500 0500 0500 0500 0500 0500 0500 0500 0500 0500 0500 0500 0500 0500 0500 0500 0500 0500 0500 0500 0500 0500 0500 0500 0500 0500 0500 0500 0500 0500 0500 0500 0500 0500 0500 0500 0500 0500 0500 0500 0500 0500 0500 0500 0500 0500 0500 0500 0000 0000 0000 0000 0000 0000 0000 0000 0000 0000 0000 0000 0000 0000 0000 0000 0000 0000 0000 0000 0000 0000 0000 0000 0000 0000 0000 0000 0000 0000 0000 0000 0000 0000 0000 0000 0000 0000 0000 0000 0000 0000 0000 0000 0000 0000 0000 0000 0000 0000 0000 0000 0000 0000 0000 0000 0000 0000 0000 0000 0000 0000 0000 0000 0000 0500 0500 0500 0500 0500 0500 0500 0500 0500 0500 0500 0500 0500 0500 0500 0500 0500 0500 0500 0500 0500 0500 0500 0500 0500 0500 0500 0500 0500 0500 0500 0500 0500 0500 0500 0500 0500 0500 0500 0500 0500 0500 0500 0500 0500 0500 0500 
0500 0500 0500 0500 0500 0500 0500 0500 0500 0500 0500 0500 0500 0500 0500 0500 0500 0500 0500 0500 0500 0500 0500 0500 0500 0500 0500 0500 0500 0500 0500 0500 0500 0500 0500 0500 0500 0500 0500 0500 0500 0500 0500 0500 0500 0500 0500 0500 0000 0000 0000 0000 0000 0000 0000 0000 0000 0000 0000 0000 0000 0000 0000 0000 0000 0000 0000 0000 0000 0000 0000 0000 0000 0000 0000 0000 0000 0000 0000 0000 0000 0000 0000 0000 0000 0000 0000 0000 0000 0000 0000 0000 0000 0000 0000 0000 0000 0000 0000 0000 0000 0000 0000 0000 0000 0000 0000 0000 0000 0000 0000 0000 0000 0500 0500 0500 0500 0500 0500 0500 0500 0500 0500 0500 0500 0500 0500 0500 0500 0500 0500 0500 0500 0500 0500 0500 0500 0500 0500 0500 0500 0500 0500 0500 0500 0500 0500 0500 0500 0500 0500 0500 0500 0500 0500 0500 0500 0500 0500 0500 
0500 0500 0500 0500 0500 0500 0500 0500 0500 0500 0500 0500 0500 0500 0500 0500 0500 0500 0500 0500 0500 0500 0500 0500 0500 0500 0500 0500 0500 0500 0500 0500 0500 0500 0500 0500 0500 0500 0500 0500 0500 0500 0500 0500 0500 0500 0500 0500 0000 0000 0000 0000 0000 0000 0000 0000 0000 0000 0000 0000 0000 0000 0000 0000 0000 0000 0000 0000 0000 0000 0000 0000 0000 0000 0000 0000 0000 0000 0000 0000 0000 0000 0000 0000 0000 0000 0000 0000 0000 0000 0000 0000 0000 0000 0000 0000 0000 0000 0000 0000 0000 0000 0000 0000 0000 0000 0000 0000 0000 0000 0000 0000 0000 0500 0500 0500 0500 0500 0500 0500 0500 0500 0500 0500 0500 0500 0500 0500 0500 0500 0500 0500 0500 0500 0500 0500 0500 0500 0500 0500 0500 0500 0500 0500 0500 0500 0500 0500 0500 0500 0500 0500 0500 0500 0500 0500 0500 0500 0500 0500 
0500 0500 0500 0500 0500 0500 0500 0500 0500 0500 0500 0500 0500 0500 0500 0500 0500 0500 0500 0500 0500 0500 0500 0500 0500 0500 0500 0500 0500 0500 0500 0500 0500 0500 0500 0500 0500 0500 0500 0500 0500 0500 0500 0500 0500 0500 0500 0500 0000 0000 0000 0000 0000 0000 0000 0000 0000 0000 0000 0000 0000 0000 0000 0000 0000 0000 0000 0000 0000 0000 0000 0000 0000 0000 0000 0000 0000 0000 0000 0000 0000 0000 0000 0000 0000 0000 0000 0000 0000 0000 0000 0000 0000 0000 0000 0000 0000 0000 0000 0000 0000 0000 0000 0000 0000 0000 0000 0000 0000 0000 0000 0000 0000 0500 0500 0500 0500 0500 0500 0500 0500 0500 0500 0500 0500 0500 0500 0500 0500 0500 0500 0500 0500 0500 0500 0500 0500 0500 0500 0500 0500 0500 0500 0500 0500 0500 0500 0500 0500 0500 0500 0500 0500 0500 0500 0500 0500 0500 0500 0500 
0500 0500 0500 0500 0500 0500 0500 0500 0500 0500 0500 0500 0500 0500 0500 0500 0500 0500 0500 0500 0500 0500 0500 0500 0500 0500 0500 0500 0500 0500 0500 0500 0500 0500 0500 0500 0500 0500 0500 0500 0500 0500 0500 0500 0500 0500 0500 0500 0000 0000 0000 0000 0000 0000 0000 0000 0000 0000 0000 0000 0000 0000 0000 0000 0000 0000 0000 0000 0000 0000 0000 0000 0000 0000 0000 0000 0000 0000 0000 0000 0000 0000 0000 0000 0000 0000 0000 0000 0000 0000 0000 0000 0000 0000 0000 0000 0000 0000 0000 0000 0000 0000 0000 0000 0000 0000 0000 0000 0000 0000 0000 0000 0000 0500 0500 0500 0500 0500 0500 0500 0500 0500 0500 0500 0500 0500 0500 0500 0500 0500 0500 0500 0500 0500 0500 0500 0500 0500 0500 0500 0500 0500 0500 0500 0500 0500 0500 0500 0500 0500 0500 0500 0500 0500 0500 0500 0500 0500 0500 0500 
0500 0500 0500 0500 0500 0500 0500 0500 0500 0500 0500 0500 0500 0500 0500 0500 0500 0500 0500 0500 0500 0500 0500 0500 0500 0500 0500 0500 0500 0500 0500 0500 0500 0500 0500 0500 0500 0500 0500 0500 0500 0500 0500 0500 0500 0500 0500 0500 0000 0000 0000 0000 0000 0000 0000 0000 0000 0000 0000 0000 0000 0000 0000 0000 0000 0000 0000 0000 0000 0000 0000 0000 0000 0000 0000 0000 0000 0000 0000 0000 0000 0000 0000 0000 0000 0000 0000 0000 0000 0000 0000 0000 0000 0000 0000 0000 0000 0000 0000 0000 0000 0000 0000 0000 0000 0000 0000 0000 0000 0000 0000 0000 0000 0500 0500 0500 0500 0500 0500 0500 0500 0500 0500 0500 0500 0500 0500 0500 0500 0500 0500 0500 0500 0500 0500 0500 0500 0500 0500 0500 0500 0500 0500 0500 0500 0500 0500 0500 0500 0500 0500 0500 0500 0500 0500 0500 0500 0500 0500 0500 
0500 0500 0500 0500 0500 0500 0500 0500 0500 0500 0500 0500 0500 0500 0500 0500 0500 0500 0500 0500 0500 0500 0500 0500 0500 0500 0500 0500 0500 0500 0500 0500 0500 0500 0500 0500 0500 0500 0500 0500 0500 0500 0500 0500 0500 0500 0500 0500 0000 0000 0000 0000 0000 0000 0000 0000 0000 0000 0000 0000 0000 0000 0000 0000 0000 0000 0000 0000 0000 0000 0000 0000 0000 0000 0000 0000 0000 0000 0000 0000 0000 0000 0000 0000 0000 0000 0000 0000 0000 0000 0000 0000 0000 0000 0000 0000 0000 0000 0000 0000 0000 0000 0000 0000 0000 0000 0000 0000 0000 0000 0000 0000 0000 0500 0500 0500 0500 0500 0500 0500 0500 0500 0500 0500 0500 0500 0500 0500 0500 0500 0500 0500 0500 0500 0500 0500 0500 0500 0500 0500 0500 0500 0500 0500 0500 0500 0500 0500 0500 0500 0500 0500 0500 0500 0500 0500 0500 0500 0500 0500 
0500 0500 0500 0500 0500 0500 0500 0500 0500 0500 0500 0500 0500 0500 0500 0500 0500 0500 0500 0500 0500 0500 0500 0500 0500 0500 0500 0500 0500 0500 0500 0500 0500 0500 0500 0500 0500 0500 0500 0500 0500 0500 0500 0500 0500 0500 0500 0500 0000 0000 0000 0000 0000 0000 0000 0000 0000 0000 0000 0000 0000 0000 0000 0000 0000 0000 0000 0000 0000 0000 0000 0000 0000 0000 0000 0000 0000 0000 0000 0000 0000 0000 0000 0000 0000 0000 0000 0000 0000 0000 0000 0000 0000 0000 0000 0000 0000 0000 0000 0000 0000 0000 0000 0000 0000 0000 0000 0000 0000 0000 0000 0000 0000 0500 0500 0500 0500 0500 0500 0500 0500 0500 0500 0500 0500 0500 0500 0500 0500 0500 0500 0500 0500 0500 0500 0500 0500 0500 0500 0500 0500 0500 0500 0500 0500 0500 0500 0500 0500 0500 0500 0500 0500 0500 0500 0500 0500 0500 0500 0500 
0500 0500 0500 0500 0500 0500 0500 0500 0500 0500 0500 0500 0500 0500 0500 0500 0500 0500 0500 0500 0500 0500 0500 0500 0500 0500 0500 0500 0500 0500 0500 0500 0500 0500 0500 0500 0500 0500 0500 0500 0500 0500 0500 0500 0500 0500 0500 0500 0000 0000 0000 0000 0000 0000 0000 0000 0000 0000 0000 0000 0000 0000 0000 0000 0000 0000 0000 0000 0000 0000 0000 0000 0000 0000 0000 0000 0000 0000 0000 0000 0000 0000 0000 0000 0000 0000 0000 0000 0000 0000 0000 0000 0000 0000 0000 0000 0000 0000 0000 0000 0000 0000 0000 0000 0000 0000 0000 0000 0000 0000 0000 0000 0000 0500 0500 0500 0500 0500 0500 0500 0500 0500 0500 0500 0500 0500 0500 0500 0500 0500 0500 0500 0500 0500 0500 0500 0500 0500 0500 0500 0500 0500 0500 0500 0500 0500 0500 0500 0500 0500 0500 0500 0500 0500 0500 0500 0500 0500 0500 0500 
0500 0500 0500 0500 0500 0500 0500 0500 0500 0500 0500 0500 0500 0500 0500 0500 0500 0500 0500 0500 0500 0500 0500 0500 0500 0500 0500 0500 0500 0500 0500 0500 0500 0500 0500 0500 0500 0500 0500 0500 0500 0500 0500 0500 0500 0500 0500 0500 0000 0000 0000 0000 0000 0000 0000 0000 0000 0000 0000 0000 0000 0000 0000 0000 0000 0000 0000 0000 0000 0000 0000 0000 0000 0000 0000 0000 0000 0000 0000 0000 0000 0000 0000 0000 0000 0000 0000 0000 0000 0000 0000 0000 0000 0000 0000 0000 0000 0000 0000 0000 0000 0000 0000 0000 0000 0000 0000 0000 0000 0000 0000 0000 0000 0500 0500 0500 0500 0500 0500 0500 0500 0500 0500 0500 0500 0500 0500 0500 0500 0500 0500 0500 0500 0500 0500 0500 0500 0500 0500 0500 0500 0500 0500 0500 0500 0500 0500 0500 0500 0500 0500 0500 0500 0500 0500 0500 0500 0500 0500 0500 
0500 0500 0500 0500 0500 0500 0500 0500 0500 0500 0500 0500 0500 0500 0500 0500 0500 0500 0500 0500 0500 0500 0500 0500 0500 0500 0500 0500 0500 0500 0500 0500 0500 0500 0500 0500 0500 0500 0500 0500 0500 0500 0500 0500 0500 0500 0500 0500 0000 0000 0000 0000 0000 0000 0000 0000 0000 0000 0000 0000 0000 0000 0000 0000 0000 0000 0000 0000 0000 0000 0000 0000 0000 0000 0000 0000 0000 0000 0000 0000 0000 0000 0000 0000 0000 0000 0000 0000 0000 0000 0000 0000 0000 0000 0000 0000 0000 0000 0000 0000 0000 0000 0000 0000 0000 0000 0000 0000 0000 0000 0000 0000 0000 0500 0500 0500 0500 0500 0500 0500 0500 0500 0500 0500 0500 0500 0500 0500 0500 0500 0500 0500 0500 0500 0500 0500 0500 0500 0500 0500 0500 0500 0500 0500 0500 0500 0500 0500 0500 0500 0500 0500 0500 0500 0500 0500 0500 0500 0500 0500 
0500 0500 0500 0500 0500 0500 0500 0500 0500 0500 0500 0500 0500 0500 0500 0500 0500 0500 0500 0500 0500 0500 0500 0500 0500 0500 0500 0500 0500 0500 0500 0500 0500 0500 0500 0500 0500 0500 0500 0500 0500 0500 0500 0500 0500 0500 0500 0500 0000 0000 0000 0000 0000 0000 0000 0000 0000 0000 0000 0000 0000 0000 0000 0000 0000 0000 0000 0000 0000 0000 0000 0000 0000 0000 0000 0000 0000 0000 0000 0000 0000 0000 0000 0000 0000 0000 0000 0000 0000 0000 0000 0000 0000 0000 0000 0000 0000 0000 0000 0000 0000 0000 0000 0000 0000 0000 0000 0000 0000 0000 0000 0000 0000 0500 0500 0500 0500 0500 0500 0500 0500 0500 0500 0500 0500 0500 0500 0500 0500 0500 0500 0500 0500 0500 0500 0500 0500 0500 0500 0500 0500 0500 0500 0500 0500 0500 0500 0500 0500 0500 0500 0500 0500 0500 0500 0500 0500 0500 0500 0500 
0500 0500 0500 0500 0500 0500 0500 0500 0500 0500 0500 0500 0500 0500 0500 0500 0500 0500 0500 0500 0500 0500 0500 0500 0500 0500 0500 0500 0500 0500 0500 0500 0500 0500 0500 0500 0500 0500 0500 0500 0500 0500 0500 0500 0500 0500 0500 0500 0000 0000 0000 0000 0000 0000 0000 0000 0000 0000 0000 0000 0000 0000 0000 0000 0000 0000 0000 0000 0000 0000 0000 0000 0000 0000 0000 0000 0000 0000 0000 0000 0000 0000 0000 0000 0000 0000 0000 0000 0000 0000 0000 0000 0000 0000 0000 0000 0000 0000 0000 0000 0000 0000 0000 0000 0000 0000 0000 0000 0000 0000 0000 0000 0000 0500 0500 0500 0500 0500 0500 0500 0500 0500 0500 0500 0500 0500 0500 0500 0500 0500 0500 0500 0500 0500 0500 0500 0500 0500 0500 0500 0500 0500 0500 0500 0500 0500 0500 0500 0500 0500 0500 0500 0500 0500 0500 0500 0500 0500 0500 0500 
0500 0500 0500 0500 0500 0500 0500 0500 0500 0500 0500 0500 0500 0500 0500 0500 0500 0500 0500 0500 0500 0500 0500 0500 0500 0500 0500 0500 0500 0500 0500 0500 0500 0500 0500 0500 0500 0500 0500 0500 0500 0500 0500 0500 0500 0500 0500 0500 0000 0000 0000 0000 0000 0000 0000 0000 0000 0000 0000 0000 0000 0000 0000 0000 0000 0000 0000 0000 0000 0000 0000 0000 0000 0000 0000 0000 0000 0000 0000 0000 0000 0000 0000 0000 0000 0000 0000 0000 0000 0000 0000 0000 0000 0000 0000 0000 0000 0000 0000 0000 0000 0000 0000 0000 0000 0000 0000 0000 0000 0000 0000 0000 0000 0500 0500 0500 0500 0500 0500 0500 0500 0500 0500 0500 0500 0500 0500 0500 0500 0500 0500 0500 0500 0500 0500 0500 0500 0500 0500 0500 0500 0500 0500 0500 0500 0500 0500 0500 0500 0500 0500 0500 0500 0500 0500 0500 0500 0500 0500 0500 
0500 0500 0500 0500 0500 0500 0500 0500 0500 0500 0500 0500 0500 0500 0500 0500 0500 0500 0500 0500 0500 0500 0500 0500 0500 0500 0500 0500 0500 0500 0500 0500 0500 0500 0500 0500 0500 0500 0500 0500 0500 0500 0500 0500 0500 0500 0500 0500 0000 0000 0000 0000 0000 0000 0000 0000 0000 0000 0000 0000 0000 0000 0000 0000 0000 0000 0000 0000 0000 0000 0000 0000 0000 0000 0000 0000 0000 0000 0000 0000 0000 0000 0000 0000 0000 0000 0000 0000 0000 0000 0000 0000 0000 0000 0000 0000 0000 0000 0000 0000 0000 0000 0000 0000 0000 0000 0000 0000 0000 0000 0000 0000 0000 0500 0500 0500 0500 0500 0500 0500 0500 0500 0500 0500 0500 0500 0500 0500 0500 0500 0500 0500 0500 0500 0500 0500 0500 0500 0500 0500 0500 0500 0500 0500 0500 0500 0500 0500 0500 0500 0500 0500 0500 0500 0500 0500 0500 0500 0500 0500 
0500 0500 0500 0500 0500 0500 0500 0500 0500 0500 0500 0500 0500 0500 0500 0500 0500 0500 0500 0500 0500 0500 0500 0500 0500 0500 0500 0500 0500 0500 0500 0500 0500 0500 0500 0500 0500 0500 0500 0500 0500 0500 0500 0500 0500 0500 0500 0500 0000 0000 0000 0000 0000 0000 0000 0000 0000 0000 0000 0000 0000 0000 0000 0000 0000 0000 0000 0000 0000 0000 0000 0000 0000 0000 0000 0000 0000 0000 0000 0000 0000 0000 0000 0000 0000 0000 0000 0000 0000 0000 0000 0000 0000 0000 0000 0000 0000 0000 0000 0000 0000 0000 0000 0000 0000 0000 0000 0000 0000 0000 0000 0000 0000 0500 0500 0500 0500 0500 0500 0500 0500 0500 0500 0500 0500 0500 0500 0500 0500 0500 0500 0500 0500 0500 0500 0500 0500 0500 0500 0500 0500 0500 0500 0500 0500 0500 0500 0500 0500 0500 0500 0500 0500 0500 0500 0500 0500 0500 0500 0500 
0500 0500 0500 0500 0500 0500 0500 0500 0500 0500 0500 0500 0500 0500 0500 0500 0500 0500 0500 0500 0500 0500 0500 0500 0500 0500 0500 0500 0500 0500 0500 0500 0500 0500 0500 0500 0500 0500 0500 0500 0500 0500 0500 0500 0500 0500 0500 0500 0000 0000 0000 0000 0000 0000 0000 0000 0000 0000 0000 0000 0000 0000 0000 0000 0000 0000 0000 0000 0000 0000 0000 0000 0000 0000 0000 0000 0000 0000 0000 0000 0000 0000 0000 0000 0000 0000 0000 0000 0000 0000 0000 0000 0000 0000 0000 0000 0000 0000 0000 0000 0000 0000 0000 0000 0000 0000 0000 0000 0000 0000 0000 0000 0000 0500 0500 0500 0500 0500 0500 0500 0500 0500 0500 0500 0500 0500 0500 0500 0500 0500 0500 0500 0500 0500 0500 0500 0500 0500 0500 0500 0500 0500 0500 0500 0500 0500 0500 0500 0500 0500 0500 0500 0500 0500 0500 0500 0500 0500 0500 0500 
0500 0500 0500 0500 0500 0500 0500 0500 0500 0500 0500 0500 0500 0500 0500 0500 0500 0500 0500 0500 0500 0500 0500 0500 0500 0500 0500 0500 0500 0500 0500 0500 0500 0500 0500 0500 0500 0500 0500 0500 0500 0500 0500 0500 0500 0500 0500 0500 0000 0000 0000 0000 0000 0000 0000 0000 0000 0000 0000 0000 0000 0000 0000 0000 0000 0000 0000 0000 0000 0000 0000 0000 0000 0000 0000 0000 0000 0000 0000 0000 0000 0000 0000 0000 0000 0000 0000 0000 0000 0000 0000 0000 0000 0000 0000 0000 0000 0000 0000 0000 0000 0000 0000 0000 0000 0000 0000 0000 0000 0000 0000 0000 0000 0500 0500 0500 0500 0500 0500 0500 0500 0500 0500 0500 0500 0500 0500 0500 0500 0500 0500 0500 0500 0500 0500 0500 0500 0500 0500 0500 0500 0500 0500 0500 0500 0500 0500 0500 0500 0500 0500 0500 0500 0500 0500 0500 0500 0500 0500 0500 
0500 0500 0500 0500 0500 0500 0500 0500 0500 0500 0500 0500 0500 0500 0500 0500 0500 0500 0500 0500 0500 0500 0500 0500 0500 0500 0500 0500 0500 0500 0500 0500 0500 0500 0500 0500 0500 0500 0500 0500 0500 0500 0500 0500 0500 0500 0500 0500 0000 0000 0000 0000 0000 0000 0000 0000 0000 0000 0000 0000 0000 0000 0000 0000 0000 0000 0000 0000 0000 0000 0000 0000 0000 0000 0000 0000 0000 0000 0000 0000 0000 0000 0000 0000 0000 0000 0000 0000 0000 0000 0000 0000 0000 0000 0000 0000 0000 0000 0000 0000 0000 0000 0000 0000 0000 0000 0000 0000 0000 0000 0000 0000 0000 0500 0500 0500 0500 0500 0500 0500 0500 0500 0500 0500 0500 0500 0500 0500 0500 0500 0500 0500 0500 0500 0500 0500 0500 0500 0500 0500 0500 0500 0500 0500 0500 0500 0500 0500 0500 0500 0500 0500 0500 0500 0500 0500 0500 0500 0500 0500 
0500 0500 0500 0500 0500 0500 0500 0500 0500 0500 0500 0500 0500 0500 0500 0500 0500 0500 0500 0500 0500 0500 0500 0500 0500 0500 0500 0500 0500 0500 0500 0500 0500 0500 0500 0500 0500 0500 0500 0500 0500 0500 0500 0500 0500 0500 0500 0500 0000 0000 0000 0000 0000 0000 0000 0000 0000 0000 0000 0000 0000 0000 0000 0000 0000 0000 0000 0000 0000 0000 0000 0000 0000 0000 0000 0000 0000 0000 0000 0000 0000 0000 0000 0000 0000 0000 0000 0000 0000 0000 0000 0000 0000 0000 0000 0000 0000 0000 0000 0000 0000 0000 0000 0000 0000 0000 0000 0000 0000 0000 0000 0000 0000 0500 0500 0500 0500 0500 0500 0500 0500 0500 0500 0500 0500 0500 0500 0500 0500 0500 0500 0500 0500 0500 0500 0500 0500 0500 0500 0500 0500 0500 0500 0500 0500 0500 0500 0500 0500 0500 0500 0500 0500 0500 0500 0500 0500 0500 0500 0500 
0500 0500 0500 0500 0500 0500 0500 0500 0500 0500 0500 0500 0500 0500 0500 0500 0500 0500 0500 0500 0500 0500 0500 0500 0500 0500 0500 0500 0500 0500 0500 0500 0500 0500 0500 0500 0500 0500 0500 0500 0500 0500 0500 0500 0500 0500 0500 0500 0000 0000 0000 0000 0000 0000 0000 0000 0000 0000 0000 0000 0000 0000 0000 0000 0000 0000 0000 0000 0000 0000 0000 0000 0000 0000 0000 0000 0000 0000 0000 0000 0000 0000 0000 0000 0000 0000 0000 0000 0000 0000 0000 0000 0000 0000 0000 0000 0000 0000 0000 0000 0000 0000 0000 0000 0000 0000 0000 0000 0000 0000 0000 0000 0000 0500 0500 0500 0500 0500 0500 0500 0500 0500 0500 0500 0500 0500 0500 0500 0500 0500 0500 0500 0500 0500 0500 0500 0500 0500 0500 0500 0500 0500 0500 0500 0500 0500 0500 0500 0500 0500 0500 0500 0500 0500 0500 0500 0500 0500 0500 0500 
0500 0500 0500 0500 0500 0500 0500 0500 0500 0500 0500 0500 0500 0500 0500 0500 0500 0500 0500 0500 0500 0500 0500 0500 0500 0500 0500 0500 0500 0500 0500 0500 0500 0500 0500 0500 0500 0500 0500 0500 0500 0500 0500 0500 0500 0500 0500 0500 0000 0000 0000 0000 0000 0000 0000 0000 0000 0000 0000 0000 0000 0000 0000 0000 0000 0000 0000 0000 0000 0000 0000 0000 0000 0000 0000 0000 0000 0000 0000 0000 0000 0000 0000 0000 0000 0000 0000 0000 0000 0000 0000 0000 0000 0000 0000 0000 0000 0000 0000 0000 0000 0000 0000 0000 0000 0000 0000 0000 0000 0000 0000 0000 0000 0500 0500 0500 0500 0500 0500 0500 0500 0500 0500 0500 0500 0500 0500 0500 0500 0500 0500 0500 0500 0500 0500 0500 0500 0500 0500 0500 0500 0500 0500 0500 0500 0500 0500 0500 0500 0500 0500 0500 0500 0500 0500 0500 0500 0500 0500 0500 
0500 0500 0500 0500 0500 0500 0500 0500 0500 0500 0500 0500 0500 0500 0500 0500 0500 0500 0500 0500 0500 0500 0500 0500 0500 0500 0500 0500 0500 0500 0500 0500 0500 0500 0500 0500 0500 0500 0500 0500 0500 0500 0500 0500 0500 0500 0500 0500 0000 0000 0000 0000 0000 0000 0000 0000 0000 0000 0000 0000 0000 0000 0000 0000 0000 0000 0000 0000 0000 0000 0000 0000 0000 0000 0000 0000 0000 0000 0000 0000 0000 0000 0000 0000 0000 0000 0000 0000 0000 0000 0000 0000 0000 0000 0000 0000 0000 0000 0000 0000 0000 0000 0000 0000 0000 0000 0000 0000 0000 0000 0000 0000 0000 0500 0500 0500 0500 0500 0500 0500 0500 0500 0500 0500 0500 0500 0500 0500 0500 0500 0500 0500 0500 0500 0500 0500 0500 0500 0500 0500 0500 0500 0500 0500 0500 0500 0500 0500 0500 0500 0500 0500 0500 0500 0500 0500 0500 0500 0500 0500 
0500 0500 0500 0500 0500 0500 0500 0500 0500 0500 0500 0500 0500 0500 0500 0500 0500 0500 0500 0500 0500 0500 0500 0500 0500 0500 0500 0500 0500 0500 0500 0500 0500 0500 0500 0500 0500 0500 0500 0500 0500 0500 0500 0500 0500 0500 0500 0500 0000 0000 0000 0000 0000 0000 0000 0000 0000 0000 0000 0000 0000 0000 0000 0000 0000 0000 0000 0000 0000 0000 0000 0000 0000 0000 0000 0000 0000 0000 0000 0000 0000 0000 0000 0000 0000 0000 0000 0000 0000 0000 0000 0000 0000 0000 0000 0000 0000 0000 0000 0000 0000 0000 0000 0000 0000 0000 0000 0000 0000 0000 0000 0000 0000 0500 0500 0500 0500 0500 0500 0500 0500 0500 0500 0500 0500 0500 0500 0500 0500 0500 0500 0500 0500 0500 0500 0500 0500 0500 0500 0500 0500 0500 0500 0500 0500 0500 0500 0500 0500 0500 0500 0500 0500 0500 0500 0500 0500 0500 0500 0500 
0500 0500 0500 0500 0500 0500 0500 0500 0500 0500 0500 0500 0500 0500 0500 0500 0500 0500 0500 0500 0500 0500 0500 0500 0500 0500 0500 0500 0500 0500 0500 0500 0500 0500 0500 0500 0500 0500 0500 0500 0500 0500 0500 0500 0500 0500 0500 0500 0000 0000 0000 0000 0000 0000 0000 0000 0000 0000 0000 0000 0000 0000 0000 0000 0000 0000 0000 0000 0000 0000 0000 0000 0000 0000 0000 0000 0000 0000 0000 0000 0000 0000 0000 0000 0000 0000 0000 0000 0000 0000 0000 0000 0000 0000 0000 0000 0000 0000 0000 0000 0000 0000 0000 0000 0000 0000 0000 0000 0000 0000 0000 0000 0000 0500 0500 0500 0500 0500 0500 0500 0500 0500 0500 0500 0500 0500 0500 0500 0500 0500 0500 0500 0500 0500 0500 0500 0500 0500 0500 0500 0500 0500 0500 0500 0500 0500 0500 0500 0500 0500 0500 0500 0500 0500 0500 0500 0500 0500 0500 0500 
0500 0500 0500 0500 0500 0500 0500 0500 0500 0500 0500 0500 0500 0500 0500 0500 0500 0500 0500 0500 0500 0500 0500 0500 0500 0500 0500 0500 0500 0500 0500 0500 0500 0500 0500 0500 0500 0500 0500 0500 0500 0500 0500 0500 0500 0500 0500 0500 0000 0000 0000 0000 0000 0000 0000 0000 0000 0000 0000 0000 0000 0000 0000 0000 0000 0000 0000 0000 0000 0000 0000 0000 0000 0000 0000 0000 0000 0000 0000 0000 0000 0000 0000 0000 0000 0000 0000 0000 0000 0000 0000 0000 0000 0000 0000 0000 0000 0000 0000 0000 0000 0000 0000 0000 0000 0000 0000 0000 0000 0000 0000 0000 0000 0500 0500 0500 0500 0500 0500 0500 0500 0500 0500 0500 0500 0500 0500 0500 0500 0500 0500 0500 0500 0500 0500 0500 0500 0500 0500 0500 0500 0500 0500 0500 0500 0500 0500 0500 0500 0500 0500 0500 0500 0500 0500 0500 0500 0500 0500 0500 
0500 0500 0500 0500 0500 0500 0500 0500 0500 0500 0500 0500 0500 0500 0500 0500 0500 0500 0500 0500 0500 0500 0500 0500 0500 0500 0500 0500 0500 0500 0500 0500 0500 0500 0500 0500 0500 0500 0500 0500 0500 0500 0500 0500 0500 0500 0500 0500 0000 0000 0000 0000 0000 0000 0000 0000 0000 0000 0000 0000 0000 0000 0000 0000 0000 0000 0000 0000 0000 0000 0000 0000 0000 0000 0000 0000 0000 0000 0000 0000 0000 0000 0000 0000 0000 0000 0000 0000 0000 0000 0000 0000 0000 0000 0000 0000 0000 0000 0000 0000 0000 0000 0000 0000 0000 0000 0000 0000 0000 0000 0000 0000 0000 0500 0500 0500 0500 0500 0500 0500 0500 0500 0500 0500 0500 0500 0500 0500 0500 0500 0500 0500 0500 0500 0500 0500 0500 0500 0500 0500 0500 0500 0500 0500 0500 0500 0500 0500 0500 0500 0500 0500 0500 0500 0500 0500 0500 0500 0500 0500 
0500 0500 0500 0500 0500 0500 0500 0500 0500 0500 0500 0500 0500 0500 0500 0500 0500 0500 0500 0500 0500 0500 0500 0500 0500 0500 0500 0500 0500 0500 0500 0500 0500 0500 0500 0500 0500 0500 0500 0500 0500 0500 0500 0500 0500 0500 0500 0500 0000 0000 0000 0000 0000 0000 0000 0000 0000 0000 0000 0000 0000 0000 0000 0000 0000 0000 0000 0000 0000 0000 0000 0000 0000 0000 0000 0000 0000 0000 0000 0000 0000 0000 0000 0000 0000 0000 0000 0000 0000 0000 0000 0000 0000 0000 0000 0000 0000 0000 0000 0000 0000 0000 0000 0000 0000 0000 0000 0000 0000 0000 0000 0000 0000 0500 0500 0500 0500 0500 0500 0500 0500 0500 0500 0500 0500 0500 0500 0500 0500 0500 0500 0500 0500 0500 0500 0500 0500 0500 0500 0500 0500 0500 0500 0500 0500 0500 0500 0500 0500 0500 0500 0500 0500 0500 0500 0500 0500 0500 0500 0500 
0500 0500 0500 0500 0500 0500 0500 0500 0500 0500 0500 0500 0500 0500 0500 0500 0500 0500 0500 0500 0500 0500 0500 0500 0500 0500 0500 0500 0500 0500 0500 0500 0500 0500 0500 0500 0500 0500 0500 0500 0500 0500 0500 0500 0500 0500 0500 0500 0000 0000 0000 0000 0000 0000 0000 0000 0000 0000 0000 0000 0000 0000 0000 0000 0000 0000 0000 0000 0000 0000 0000 0000 0000 0000 0000 0000 0000 0000 0000 0000 0000 0000 0000 0000 0000 0000 0000 0000 0000 0000 0000 0000 0000 0000 0000 0000 0000 0000 0000 0000 0000 0000 0000 0000 0000 0000 0000 0000 0000 0000 0000 0000 0000 0500 0500 0500 0500 0500 0500 0500 0500 0500 0500 0500 0500 0500 0500 0500 0500 0500 0500 0500 0500 0500 0500 0500 0500 0500 0500 0500 0500 0500 0500 0500 0500 0500 0500 0500 0500 0500 0500 0500 0500 0500 0500 0500 0500 0500 0500 0500 
0500 0500 0500 0500 0500 0500 0500 0500 0500 0500 0500 0500 0500 0500 0500 0500 0500 0500 0500 0500 0500 0500 0500 0500 0500 0500 0500 0500 0500 0500 0500 0500 0500 0500 0500 0500 0500 0500 0500 0500 0500 0500 0500 0500 0500 0500 0500 0500 0000 0000 0000 0000 0000 0000 0000 0000 0000 0000 0000 0000 0000 0000 0000 0000 0000 0000 0000 0000 0000 0000 0000 0000 0000 0000 0000 0000 0000 0000 0000 0000 0000 0000 0000 0000 0000 0000 0000 0000 0000 0000 0000 0000 0000 0000 0000 0000 0000 0000 0000 0000 0000 0000 0000 0000 0000 0000 0000 0000 0000 0000 0000 0000 0000 0500 0500 0500 0500 0500 0500 0500 0500 0500 0500 0500 0500 0500 0500 0500 0500 0500 0500 0500 0500 0500 0500 0500 0500 0500 0500 0500 0500 0500 0500 0500 0500 0500 0500 0500 0500 0500 0500 0500 0500 0500 0500 0500 0500 0500 0500 0500 
0500 0500 0500 0500 0500 0500 0500 0500 0500 0500 0500 0500 0500 0500 0500 0500 0500 0500 0500 0500 0500 0500 0500 0500 0500 0500 0500 0500 0500 0500 0500 0500 0500 0500 0500 0500 0500 0500 0500 0500 0500 0500 0500 0500 0500 0500 0500 0500 0000 0000 0000 0000 0000 0000 0000 0000 0000 0000 0000 0000 0000 0000 0000 0000 0000 0000 0000 0000 0000 0000 0000 0000 0000 0000 0000 0000 0000 0000 0000 0000 0000 0000 0000 0000 0000 0000 0000 0000 0000 0000 0000 0000 0000 0000 0000 0000 0000 0000 0000 0000 0000 0000 0000 0000 0000 0000 0000 0000 0000 0000 0000 0000 0000 0500 0500 0500 0500 0500 0500 0500 0500 0500 0500 0500 0500 0500 0500 0500 0500 0500 0500 0500 0500 0500 0500 0500 0500 0500 0500 0500 0500 0500 0500 0500 0500 0500 0500 0500 0500 0500 0500 0500 0500 0500 0500 0500 0500 0500 0500 0500 
0500 0500 0500 0500 0500 0500 0500 0500 0500 0500 0500 0500 0500 0500 0500 0500 0500 0500 0500 0500 0500 0500 0500 0500 0500 0500 0500 0500 0500 0500 0500 0500 0500 0500 0500 0500 0500 0500 0500 0500 0500 0500 0500 0500 0500 0500 0500 0500 0000 0000 0000 0000 0000 0000 0000 0000 0000 0000 0000 0000 0000 0000 0000 0000 0000 0000 0000 0000 0000 0000 0000 0000 0000 0000 0000 0000 0000 0000 0000 0000 0000 0000 0000 0000 0000 0000 0000 0000 0000 0000 0000 0000 0000 0000 0000 0000 0000 0000 0000 0000 0000 0000 0000 0000 0000 0000 0000 0000 0000 0000 0000 0000 0000 0500 0500 0500 0500 0500 0500 0500 0500 0500 0500 0500 0500 0500 0500 0500 0500 0500 0500 0500 0500 0500 0500 0500 0500 0500 0500 0500 0500 0500 0500 0500 0500 0500 0500 0500 0500 0500 0500 0500 0500 0500 0500 0500 0500 0500 0500 0500 
0500 0500 0500 0500 0500 0500 0500 0500 0500 0500 0500 0500 0500 0500 0500 0500 0500 0500 0500 0500 0500 0500 0500 0500 0500 0500 0500 0500 0500 0500 0500 0500 0500 0500 0500 0500 0500 0500 0500 0500 0500 0500 0500 0500 0500 0500 0500 0500 0000 0000 0000 0000 0000 0000 0000 0000 0000 0000 0000 0000 0000 0000 0000 0000 0000 0000 0000 0000 0000 0000 0000 0000 0000 0000 0000 0000 0000 0000 0000 0000 0000 0000 0000 0000 0000 0000 0000 0000 0000 0000 0000 0000 0000 0000 0000 0000 0000 0000 0000 0000 0000 0000 0000 0000 0000 0000 0000 0000 0000 0000 0000 0000 0000 0500 0500 0500 0500 0500 0500 0500 0500 0500 0500 0500 0500 0500 0500 0500 0500 0500 0500 0500 0500 0500 0500 0500 0500 0500 0500 0500 0500 0500 0500 0500 0500 0500 0500 0500 0500 0500 0500 0500 0500 0500 0500 0500 0500 0500 0500 0500 
0500 0500 0500 0500 0500 0500 0500 0500 0500 0500 0500 0500 0500 0500 0500 0500 0500 0500 0500 0500 0500 0500 0500 0500 0500 0500 0500 0500 0500 0500 0500 0500 0500 0500 0500 0500 0500 0500 0500 0500 0500 0500 0500 0500 0500 0500 0500 0500 0000 0000 0000 0000 0000 0000 0000 0000 0000 0000 0000 0000 0000 0000 0000 0000 0000 0000 0000 0000 0000 0000 0000 0000 0000 0000 0000 0000 0000 0000 0000 0000 0000 0000 0000 0000 0000 0000 0000 0000 0000 0000 0000 0000 0000 0000 0000 0000 0000 0000 0000 0000 0000 0000 0000 0000 0000 0000 0000 0000 0000 0000 0000 0000 0000 0500 0500 0500 0500 0500 0500 0500 0500 0500 0500 0500 0500 0500 0500 0500 0500 0500 0500 0500 0500 0500 0500 0500 0500 0500 0500 0500 0500 0500 0500 0500 0500 0500 0500 0500 0500 0500 0500 0500 0500 0500 0500 0500 0500 0500 0500 0500 
0500 0500 0500 0500 0500 0500 0500 0500 0500 0500 0500 0500 0500 0500 0500 0500 0500 0500 0500 0500 0500 0500 0500 0500 0500 0500 0500 0500 0500 0500 0500 0500 0500 0500 0500 0500 0500 0500 0500 0500 0500 0500 0500 0500 0500 0500 0500 0500 0000 0000 0000 0000 0000 0000 0000 0000 0000 0000 0000 0000 0000 0000 0000 0000 0000 0000 0000 0000 0000 0000 0000 0000 0000 0000 0000 0000 0000 0000 0000 0000 0000 0000 0000 0000 0000 0000 0000 0000 0000 0000 0000 0000 0000 0000 0000 0000 0000 0000 0000 0000 0000 0000 0000 0000 0000 0000 0000 0000 0000 0000 0000 0000 0000 0500 0500 0500 0500 0500 0500 0500 0500 0500 0500 0500 0500 0500 0500 0500 0500 0500 0500 0500 0500 0500 0500 0500 0500 0500 0500 0500 0500 0500 0500 0500 0500 0500 0500 0500 0500 0500 0500 0500 0500 0500 0500 0500 0500 0500 0500 0500 
0500 0500 0500 0500 0500 0500 0500 0500 0500 0500 0500 0500 0500 0500 0500 0500 0500 0500 0500 0500 0500 0500 0500 0500 0500 0500 0500 0500 0500 0500 0500 0500 0500 0500 0500 0500 0500 0500 0500 0500 0500 0500 0500 0500 0500 0500 0500 0500 0000 0000 0000 0000 0000 0000 0000 0000 0000 0000 0000 0000 0000 0000 0000 0000 0000 0000 0000 0000 0000 0000 0000 0000 0000 0000 0000 0000 0000 0000 0000 0000 0000 0000 0000 0000 0000 0000 0000 0000 0000 0000 0000 0000 0000 0000 0000 0000 0000 0000 0000 0000 0000 0000 0000 0000 0000 0000 0000 0000 0000 0000 0000 0000 0000 0500 0500 0500 0500 0500 0500 0500 0500 0500 0500 0500 0500 0500 0500 0500 0500 0500 0500 0500 0500 0500 0500 0500 0500 0500 0500 0500 0500 0500 0500 0500 0500 0500 0500 0500 0500 0500 0500 0500 0500 0500 0500 0500 0500 0500 0500 0500 
0500 0500 0500 0500 0500 0500 0500 0500 0500 0500 0500 0500 0500 0500 0500 0500 0500 0500 0500 0500 0500 0500 0500 0500 0500 0500 0500 0500 0500 0500 0500 0500 0500 0500 0500 0500 0500 0500 0500 0500 0500 0500 0500 0500 0500 0500 0500 0500 0000 0000 0000 0000 0000 0000 0000 0000 0000 0000 0000 0000 0000 0000 0000 0000 0000 0000 0000 0000 0000 0000 0000 0000 0000 0000 0000 0000 0000 0000 0000 0000 0000 0000 0000 0000 0000 0000 0000 0000 0000 0000 0000 0000 0000 0000 0000 0000 0000 0000 0000 0000 0000 0000 0000 0000 0000 0000 0000 0000 0000 0000 0000 0000 0000 0500 0500 0500 0500 0500 0500 0500 0500 0500 0500 0500 0500 0500 0500 0500 0500 0500 0500 0500 0500 0500 0500 0500 0500 0500 0500 0500 0500 0500 0500 0500 0500 0500 0500 0500 0500 0500 0500 0500 0500 0500 0500 0500 0500 0500 0500 0500 
0500 0500 0500 0500 0500 0500 0500 0500 0500 0500 0500 0500 0500 0500 0500 0500 0500 0500 0500 0500 0500 0500 0500 0500 0500 0500 0500 0500 0500 0500 0500 0500 0500 0500 0500 0500 0500 0500 0500 0500 0500 0500 0500 0500 0500 0500 0500 0500 0000 0000 0000 0000 0000 0000 0000 0000 0000 0000 0000 0000 0000 0000 0000 0000 0000 0000 0000 0000 0000 0000 0000 0000 0000 0000 0000 0000 0000 0000 0000 0000 0000 0000 0000 0000 0000 0000 0000 0000 0000 0000 0000 0000 0000 0000 0000 0000 0000 0000 0000 0000 0000 0000 0000 0000 0000 0000 0000 0000 0000 0000 0000 0000 0000 0500 0500 0500 0500 0500 0500 0500 0500 0500 0500 0500 0500 0500 0500 0500 0500 0500 0500 0500 0500 0500 0500 0500 0500 0500 0500 0500 0500 0500 0500 0500 0500 0500 0500 0500 0500 0500 0500 0500 0500 0500 0500 0500 0500 0500 0500 0500 
0500 0500 0500 0500 0500 0500 0500 0500 0500 0500 0500 0500 0500 0500 0500 0500 0500 0500 0500 0500 0500 0500 0500 0500 0500 0500 0500 0500 0500 0500 0500 0500 0500 0500 0500 0500 0500 0500 0500 0500 0500 0500 0500 0500 0500 0500 0500 0500 0000 0000 0000 0000 0000 0000 0000 0000 0000 0000 0000 0000 0000 0000 0000 0000 0000 0000 0000 0000 0000 0000 0000 0000 0000 0000 0000 0000 0000 0000 0000 0000 0000 0000 0000 0000 0000 0000 0000 0000 0000 0000 0000 0000 0000 0000 0000 0000 0000 0000 0000 0000 0000 0000 0000 0000 0000 0000 0000 0000 0000 0000 0000 0000 0000 0500 0500 0500 0500 0500 0500 0500 0500 0500 0500 0500 0500 0500 0500 0500 0500 0500 0500 0500 0500 0500 0500 0500 0500 0500 0500 0500 0500 0500 0500 0500 0500 0500 0500 0500 0500 0500 0500 0500 0500 0500 0500 0500 0500 0500 0500 0500 
0500 0500 0500 0500 0500 0500 0500 0500 0500 0500 0500 0500 0500 0500 0500 0500 0500 0500 0500 0500 0500 0500 0500 0500 0500 0500 0500 0500 0500 0500 0500 0500 0500 0500 0500 0500 0500 0500 0500 0500 0500 0500 0500 0500 0500 0500 0500 0500 0000 0000 0000 0000 0000 0000 0000 0000 0000 0000 0000 0000 0000 0000 0000 0000 0000 0000 0000 0000 0000 0000 0000 0000 0000 0000 0000 0000 0000 0000 0000 0000 0000 0000 0000 0000 0000 0000 0000 0000 0000 0000 0000 0000 0000 0000 0000 0000 0000 0000 0000 0000 0000 0000 0000 0000 0000 0000 0000 0000 0000 0000 0000 0000 0000 0500 0500 0500 0500 0500 0500 0500 0500 0500 0500 0500 0500 0500 0500 0500 0500 0500 0500 0500 0500 0500 0500 0500 0500 0500 0500 0500 0500 0500 0500 0500 0500 0500 0500 0500 0500 0500 0500 0500 0500 0500 0500 0500 0500 0500 0500 0500 
0500 0500 0500 0500 0500 0500 0500 0500 0500 0500 0500 0500 0500 0500 0500 0500 0500 0500 0500 0500 0500 0500 0500 0500 0500 0500 0500 0500 0500 0500 0500 0500 0500 0500 0500 0500 0500 0500 0500 0500 0500 0500 0500 0500 0500 0500 0500 0500 0000 0000 0000 0000 0000 0000 0000 0000 0000 0000 0000 0000 0000 0000 0000 0000 0000 0000 0000 0000 0000 0000 0000 0000 0000 0000 0000 0000 0000 0000 0000 0000 0000 0000 0000 0000 0000 0000 0000 0000 0000 0000 0000 0000 0000 0000 0000 0000 0000 0000 0000 0000 0000 0000 0000 0000 0000 0000 0000 0000 0000 0000 0000 0000 0000 0500 0500 0500 0500 0500 0500 0500 0500 0500 0500 0500 0500 0500 0500 0500 0500 0500 0500 0500 0500 0500 0500 0500 0500 0500 0500 0500 0500 0500 0500 0500 0500 0500 0500 0500 0500 0500 0500 0500 0500 0500 0500 0500 0500 0500 0500 0500 
0500 0500 0500 0500 0500 0500 0500 0500 0500 0500 0500 0500 0500 0500 0500 0500 0500 0500 0500 0500 0500 0500 0500 0500 0500 0500 0500 0500 0500 0500 0500 0500 0500 0500 0500 0500 0500 0500 0500 0500 0500 0500 0500 0500 0500 0500 0500 0500 0000 0000 0000 0000 0000 0000 0000 0000 0000 0000 0000 0000 0000 0000 0000 0000 0000 0000 0000 0000 0000 0000 0000 0000 0000 0000 0000 0000 0000 0000 0000 0000 0000 0000 0000 0000 0000 0000 0000 0000 0000 0000 0000 0000 0000 0000 0000 0000 0000 0000 0000 0000 0000 0000 0000 0000 0000 0000 0000 0000 0000 0000 0000 0000 0000 0500 0500 0500 0500 0500 0500 0500 0500 0500 0500 0500 0500 0500 0500 0500 0500 0500 0500 0500 0500 0500 0500 0500 0500 0500 0500 0500 0500 0500 0500 0500 0500 0500 0500 0500 0500 0500 0500 0500 0500 0500 0500 0500 0500 0500 0500 0500 
0500 0500 0500 0500 0500 0500 0500 0500 0500 0500 0500 0500 0500 0500 0500 0500 0500 0500 0500 0500 0500 0500 0500 0500 0500 0500 0500 0500 0500 0500 0500 0500 0500 0500 0500 0500 0500 0500 0500 0500 0500 0500 0500 0500 0500 0500 0500 0500 0000 0000 0000 0000 0000 0000 0000 0000 0000 0000 0000 0000 0000 0000 0000 0000 0000 0000 0000 0000 0000 0000 0000 0000 0000 0000 0000 0000 0000 0000 0000 0000 0000 0000 0000 0000 0000 0000 0000 0000 0000 0000 0000 0000 0000 0000 0000 0000 0000 0000 0000 0000 0000 0000 0000 0000 0000 0000 0000 0000 0000 0000 0000 0000 0000 0500 0500 0500 0500 0500 0500 0500 0500 0500 0500 0500 0500 0500 0500 0500 0500 0500 0500 0500 0500 0500 0500 0500 0500 0500 0500 0500 0500 0500 0500 0500 0500 0500 0500 0500 0500 0500 0500 0500 0500 0500 0500 0500 0500 0500 0500 0500 
0500 0500 0500 0500 0500 0500 0500 0500 0500 0500 0500 0500 0500 0500 0500 0500 0500 0500 0500 0500 0500 0500 0500 0500 0500 0500 0500 0500 0500 0500 0500 0500 0500 0500 0500 0500 0500 0500 0500 0500 0500 0500 0500 0500 0500 0500 0500 0500 0000 0000 0000 0000 0000 0000 0000 0000 0000 0000 0000 0000 0000 0000 0000 0000 0000 0000 0000 0000 0000 0000 0000 0000 0000 0000 0000 0000 0000 0000 0000 0000 0000 0000 0000 0000 0000 0000 0000 0000 0000 0000 0000 0000 0000 0000 0000 0000 0000 0000 0000 0000 0000 0000 0000 0000 0000 0000 0000 0000 0000 0000 0000 0000 0000 0500 0500 0500 0500 0500 0500 0500 0500 0500 0500 0500 0500 0500 0500 0500 0500 0500 0500 0500 0500 0500 0500 0500 0500 0500 0500 0500 0500 0500 0500 0500 0500 0500 0500 0500 0500 0500 0500 0500 0500 0500 0500 0500 0500 0500 0500 0500 
0500 0500 0500 0500 0500 0500 0500 0500 0500 0500 0500 0500 0500 0500 0500 0500 0500 0500 0500 0500 0500 0500 0500 0500 0500 0500 0500 0500 0500 0500 0500 0500 0500 0500 0500 0500 0500 0500 0500 0500 0500 0500 0500 0500 0500 0500 0500 0500 0000 0000 0000 0000 0000 0000 0000 0000 0000 0000 0000 0000 0000 0000 0000 0000 0000 0000 0000 0000 0000 0000 0000 0000 0000 0000 0000 0000 0000 0000 0000 0000 0000 0000 0000 0000 0000 0000 0000 0000 0000 0000 0000 0000 0000 0000 0000 0000 0000 0000 0000 0000 0000 0000 0000 0000 0000 0000 0000 0000 0000 0000 0000 0000 0000 0500 0500 0500 0500 0500 0500 0500 0500 0500 0500 0500 0500 0500 0500 0500 0500 0500 0500 0500 0500 0500 0500 0500 0500 0500 0500 0500 0500 0500 0500 0500 0500 0500 0500 0500 0500 0500 0500 0500 0500 0500 0500 0500 0500 0500 0500 0500 
0500 0500 0500 0500 0500 0500 0500 0500 0500 0500 0500 0500 0500 0500 0500 0500 0500 0500 0500 0500 0500 0500 0500 0500 0500 0500 0500 0500 0500 0500 0500 0500 0500 0500 0500 0500 0500 0500 0500 0500 0500 0500 0500 0500 0500 0500 0500 0500 0000 0000 0000 0000 0000 0000 0000 0000 0000 0000 0000 0000 0000 0000 0000 0000 0000 0000 0000 0000 0000 0000 0000 0000 0000 0000 0000 0000 0000 0000 0000 0000 0000 0000 0000 0000 0000 0000 0000 0000 0000 0000 0000 0000 0000 0000 0000 0000 0000 0000 0000 0000 0000 0000 0000 0000 0000 0000 0000 0000 0000 0000 0000 0000 0000 0500 0500 0500 0500 0500 0500 0500 0500 0500 0500 0500 0500 0500 0500 0500 0500 0500 0500 0500 0500 0500 0500 0500 0500 0500 0500 0500 0500 0500 0500 0500 0500 0500 0500 0500 0500 0500 0500 0500 0500 0500 0500 0500 0500 0500 0500 0500 
0500 0500 0500 0500 0500 0500 0500 0500 0500 0500 0500 0500 0500 0500 0500 0500 0500 0500 0500 0500 0500 0500 0500 0500 0500 0500 0500 0500 0500 0500 0500 0500 0500 0500 0500 0500 0500 0500 0500 0500 0500 0500 0500 0500 0500 0500 0500 0500 0000 0000 0000 0000 0000 0000 0000 0000 0000 0000 0000 0000 0000 0000 0000 0000 0000 0000 0000 0000 0000 0000 0000 0000 0000 0000 0000 0000 0000 0000 0000 0000 0000 0000 0000 0000 0000 0000 0000 0000 0000 0000 0000 0000 0000 0000 0000 0000 0000 0000 0000 0000 0000 0000 0000 0000 0000 0000 0000 0000 0000 0000 0000 0000 0000 0500 0500 0500 0500 0500 0500 0500 0500 0500 0500 0500 0500 0500 0500 0500 0500 0500 0500 0500 0500 0500 0500 0500 0500 0500 0500 0500 0500 0500 0500 0500 0500 0500 0500 0500 0500 0500 0500 0500 0500 0500 0500 0500 0500 0500 0500 0500 
0500 0500 0500 0500 0500 0500 0500 0500 0500 0500 0500 0500 0500 0500 0500 0500 0500 0500 0500 0500 0500 0500 0500 0500 0500 0500 0500 0500 0500 0500 0500 0500 0500 0500 0500 0500 0500 0500 0500 0500 0500 0500 0500 0500 0500 0500 0500 0500 0000 0000 0000 0000 0000 0000 0000 0000 0000 0000 0000 0000 0000 0000 0000 0000 0000 0000 0000 0000 0000 0000 0000 0000 0000 0000 0000 0000 0000 0000 0000 0000 0000 0000 0000 0000 0000 0000 0000 0000 0000 0000 0000 0000 0000 0000 0000 0000 0000 0000 0000 0000 0000 0000 0000 0000 0000 0000 0000 0000 0000 0000 0000 0000 0000 0500 0500 0500 0500 0500 0500 0500 0500 0500 0500 0500 0500 0500 0500 0500 0500 0500 0500 0500 0500 0500 0500 0500 0500 0500 0500 0500 0500 0500 0500 0500 0500 0500 0500 0500 0500 0500 0500 0500 0500 0500 0500 0500 0500 0500 0500 0500 
0500 0500 0500 0500 0500 0500 0500 0500 0500 0500 0500 0500 0500 0500 0500 0500 0500 0500 0500 0500 0500 0500 0500 0500 0500 0500 0500 0500 0500 0500 0500 0500 0500 0500 0500 0500 0500 0500 0500 0500 0500 0500 0500 0500 0500 0500 0500 0500 0000 0000 0000 0000 0000 0000 0000 0000 0000 0000 0000 0000 0000 0000 0000 0000 0000 0000 0000 0000 0000 0000 0000 0000 0000 0000 0000 0000 0000 0000 FFFFFD80 FFFFFD90 FFFFFDA0 FFFFFDB0 0000 0000 0000 0000 0000 0000 0000 0000 0000 0000 0000 0000 0000 0000 0000 0000 0000 0000 0000 0000 0000 0000 0000 0000 0000 0000 0000 0000 0000 0000 0000 0500 0500 0500 0500 0500 0500 0500 0500 0500 0500 0500 0500 0500 0500 0500 0500 0500 0500 0500 0500 0500 0500 0500 0500 0500 0500 0500 0500 0500 0500 0500 0500 0500 0500 0500 0500 0500 0500 0500 0500 0500 0500 0500 0500 0500 0500 0500 
0500 0500 0500 0500 0500 0500 0500 0500 0500 0500 0500 0500 0500 0500 0500 0500 0500 0500 0500 0500 0500 0500 0500 0500 0500 0500 0500 0500 0500 0500 0500 0500 0500 0500 0500 0500 0500 0500 0500 0500 0500 0500 0500 0500 0500 0500 0500 0500 0000 0000 0000 0000 0000 0000 0000 0000 0000 0000 0000 0000 0000 0000 0000 0000 0000 0000 0000 0000 0000 0000 0000 0000 0000 0000 0000 0000 0000 0000 FFFFFDC0 FFFFFDD0 FFFFFDE0 FFFFFDF0 0000 0000 0000 0000 0000 0000 0000 0000 0000 0000 0000 0000 0000 0000 0000 0000 0000 0000 0000 0000 0000 0000 0000 0000 0000 0000 0000 0000 0000 0000 0000 0500 0500 0500 0500 0500 0500 0500 0500 0500 0500 0500 0500 0500 0500 0500 0500 0500 0500 0500 0500 0500 0500 0500 0500 0500 0500 0500 0500 0500 0500 0500 0500 0500 0500 0500 0500 0500 0500 0500 0500 0500 0500 0500 0500 0500 0500 0500 
0500 0500 0500 0500 0500 0500 0500 0500 0500 0500 0500 0500 0500 0500 0500 0500 0500 0500 0500 0500 0500 0500 0500 0500 0500 0500 0500 0500 0500 0500 0500 0500 0500 0500 0500 0500 0500 0500 0500 0500 0500 0500 0500 0500 0500 0500 0500 0500 0000 0000 0000 0000 0000 0000 0000 0000 0000 0000 0000 0000 0000 0000 0000 0000 0000 0000 0000 0000 0000 0000 0000 0000 0000 0000 0000 0000 0000 0000 FFFFFE00 FFFFFE10 FFFFFE20 FFFFFE30 0000 0000 0000 0000 0000 0000 0000 0000 0000 0000 0000 0000 0000 0000 0000 0000 0000 0000 0000 0000 0000 0000 0000 0000 0000 0000 0000 0000 0000 0000 0000 0500 0500 0500 0500 0500 0500 0500 0500 0500 0500 0500 0500 0500 0500 0500 0500 0500 0500 0500 0500 0500 0500 0500 0500 0500 0500 0500 0500 0500 0500 0500 0500 0500 0500 0500 0500 0500 0500 0500 0500 0500 0500 0500 0500 0500 0500 0500 
0500 0500 0500 0500 0500 0500 0500 0500 0500 0500 0500 0500 0500 0500 0500 0500 0500 0500 0500 0500 0500 0500 0500 0500 0500 0500 0500 0500 0500 0500 0500 0500 0500 0500 0500 0500 0500 0500 0500 0500 0500 0500 0500 0500 0500 0500 0500 0500 0000 0000 0000 0000 0000 0000 0000 0000 0000 0000 0000 0000 0000 0000 0000 0000 0000 0000 0000 0000 0000 0000 0000 0000 0000 0000 0000 0000 0000 0000 FFFFFE40 FFFFFE50 FFFFFE60 FFFFFE70 0000 0000 0000 0000 0000 0000 0000 0000 0000 0000 0000 0000 0000 0000 0000 0000 0000 0000 0000 0000 0000 0000 0000 0000 0000 0000 0000 0000 0000 0000 0000 0500 0500 0500 0500 0500 0500 0500 0500 0500 0500 0500 0500 0500 0500 0500 0500 0500 0500 0500 0500 0500 0500 0500 0500 0500 0500 0500 0500 0500 0500 0500 0500 0500 0500 0500 0500 0500 0500 0500 0500 0500 0500 0500 0500 0500 0500 0500 
0500 0500 0500 0500 0500 0500 0500 0500 0500 0500 0500 0500 0500 0500 0500 0500 0500 0500 0500 0500 0500 0500 0500 0500 0500 0500 0500 0500 0500 0500 0500 0500 0500 0500 0500 0500 0500 0500 0500 0500 0500 0500 0500 0500 0500 0500 0500 0500 0000 0000 0000 0000 0000 0000 0000 0000 0000 0000 0000 0000 0000 0000 0000 0000 0000 0000 0000 0000 0000 0000 0000 0000 0000 0000 0000 0000 0000 0000 0000 0000 0000 0000 0000 0000 0000 0000 0000 0000 0000 0000 0000 0000 0000 0000 0000 0000 0000 0000 0000 0000 0000 0000 0000 0000 0000 0000 0000 0000 0000 0000 0000 0000 0000 0500 0500 0500 0500 0500 0500 0500 0500 0500 0500 0500 0500 0500 0500 0500 0500 0500 0500 0500 0500 0500 0500 0500 0500 0500 0500 0500 0500 0500 0500 0500 0500 0500 0500 0500 0500 0500 0500 0500 0500 0500 0500 0500 0500 0500 0500 0500 
0500 0500 0500 0500 0500 0500 0500 0500 0500 0500 0500 0500 0500 0500 0500 0500 0500 0500 0500 0500 0500 0500 0500 0500 0500 0500 0500 0500 0500 0500 0500 0500 0500 0500 0500 0500 0500 0500 0500 0500 0500 0500 0500 0500 0500 0500 0500 0500 0000 0000 0000 0000 0000 0000 0000 0000 0000 0000 0000 0000 0000 0000 0000 0000 0000 0000 0000 0000 0000 0000 0000 0000 0000 0000 0000 0000 0000 0000 0000 0000 0000 0000 0000 0000 0000 0000 0000 0000 0000 0000 0000 0000 0000 0000 0000 0000 0000 0000 0000 0000 0000 0000 0000 0000 0000 0000 0000 0000 0000 0000 0000 0000 0000 0500 0500 0500 0500 0500 0500 0500 0500 0500 0500 0500 0500 0500 0500 0500 0500 0500 0500 0500 0500 0500 0500 0500 0500 0500 0500 0500 0500 0500 0500 0500 0500 0500 0500 0500 0500 0500 0500 0500 0500 0500 0500 0500 0500 0500 0500 0500 
0500 0500 0500 0500 0500 0500 0500 0500 0500 0500 0500 0500 0500 0500 0500 0500 0500 0500 0500 0500 0500 0500 0500 0500 0500 0500 0500 0500 0500 0500 0500 0500 0500 0500 0500 0500 0500 0500 0500 0500 0500 0500 0500 0500 0500 0500 0500 0500 0000 0000 0000 0000 0000 0000 0000 0000 0000 0000 0000 0000 0000 0000 0000 0000 0000 0000 0000 0000 0000 0000 0000 0000 0000 0000 0000 0000 0000 0000 0000 0000 0000 0000 0000 0000 0000 0000 0000 0000 0000 0000 0000 0000 0000 0000 0000 0000 0000 0000 0000 0000 0000 0000 0000 0000 0000 0000 0000 0000 0000 0000 0000 0000 0000 0500 0500 0500 0500 0500 0500 0500 0500 0500 0500 0500 0500 0500 0500 0500 0500 0500 0500 0500 0500 0500 0500 0500 0500 0500 0500 0500 0500 0500 0500 0500 0500 0500 0500 0500 0500 0500 0500 0500 0500 0500 0500 0500 0500 0500 0500 0500 
0500 0500 0500 0500 0500 0500 0500 0500 0500 0500 0500 0500 0500 0500 0500 0500 0500 0500 0500 0500 0500 0500 0500 0500 0500 0500 0500 0500 0500 0500 0500 0500 0500 0500 0500 0500 0500 0500 0500 0500 0500 0500 0500 0500 0500 0500 0500 0500 0000 0000 0000 0000 0000 0000 0000 0000 0000 0000 0000 0000 0000 0000 0000 0000 0000 0000 0000 0000 0000 0000 0000 0000 0000 0000 0000 0000 0000 0000 0000 0000 0000 0000 0000 0000 0000 0000 0000 0000 0000 0000 0000 0000 0000 0000 0000 0000 0000 0000 0000 0000 0000 0000 0000 0000 0000 0000 0000 0000 0000 0000 0000 0000 0000 0500 0500 0500 0500 0500 0500 0500 0500 0500 0500 0500 0500 0500 0500 0500 0500 0500 0500 0500 0500 0500 0500 0500 0500 0500 0500 0500 0500 0500 0500 0500 0500 0500 0500 0500 0500 0500 0500 0500 0500 0500 0500 0500 0500 0500 0500 0500 
0500 0500 0500 0500 0500 0500 0500 0500 0500 0500 0500 0500 0500 0500 0500 0500 0500 0500 0500 0500 0500 0500 0500 0500 0500 0500 0500 0500 0500 0500 0500 0500 0500 0500 0500 0500 0500 0500 0500 0500 0500 0500 0500 0500 0500 0500 0500 0500 0000 0000 0000 0000 0000 0000 0000 0000 0000 0000 0000 0000 0000 0000 0000 0000 0000 0000 0000 0000 0000 0000 0000 0000 0000 0000 0000 0000 0000 0000 0000 0000 0000 0000 0000 0000 0000 0000 0000 0000 0000 0000 0000 0000 0000 0000 0000 0000 0000 0000 0000 0000 0000 0000 0000 0000 0000 0000 0000 0000 0000 0000 0000 0000 0000 0500 0500 0500 0500 0500 0500 0500 0500 0500 0500 0500 0500 0500 0500 0500 0500 0500 0500 0500 0500 0500 0500 0500 0500 0500 0500 0500 0500 0500 0500 0500 0500 0500 0500 0500 0500 0500 0500 0500 0500 0500 0500 0500 0500 0500 0500 0500 
0500 0500 0500 0500 0500 0500 0500 0500 0500 0500 0500 0500 0500 0500 0500 0500 0500 0500 0500 0500 0500 0500 0500 0500 0500 0500 0500 0500 0500 0500 0500 0500 0500 0500 0500 0500 0500 0500 0500 0500 0500 0500 0500 0500 0500 0500 0500 0500 0000 0000 0000 0000 0000 0000 0000 0000 0000 0000 0000 0000 0000 0000 0000 0000 0000 0000 0000 0000 0000 0000 0000 0000 0000 0000 0000 0000 0000 0000 0000 0000 0000 0000 0000 0000 0000 0000 0000 0000 0000 0000 0000 0000 0000 0000 0000 0000 0000 0000 0000 0000 0000 0000 0000 0000 0000 0000 0000 0000 0000 0000 0000 0000 0000 0500 0500 0500 0500 0500 0500 0500 0500 0500 0500 0500 0500 0500 0500 0500 0500 0500 0500 0500 0500 0500 0500 0500 0500 0500 0500 0500 0500 0500 0500 0500 0500 0500 0500 0500 0500 0500 0500 0500 0500 0500 0500 0500 0500 0500 0500 0500 
0500 0500 0500 0500 0500 0500 0500 0500 0500 0500 0500 0500 0500 0500 0500 0500 0500 0500 0500 0500 0500 0500 0500 0500 0500 0500 0500 0500 0500 0500 0500 0500 0500 0500 0500 0500 0500 0500 0500 0500 0500 0500 0500 0500 0500 0500 0500 0500 0000 0000 0000 0000 0000 0000 0000 0000 0000 0000 0000 0000 0000 0000 0000 0000 0000 0000 0000 0000 0000 0000 0000 0000 0000 0000 0000 0000 0000 0000 0000 0000 0000 0000 0000 0000 0000 0000 0000 0000 0000 0000 0000 0000 0000 0000 0000 0000 0000 0000 0000 0000 0000 0000 0000 0000 0000 0000 0000 0000 0000 0000 0000 0000 0000 0500 0500 0500 0500 0500 0500 0500 0500 0500 0500 0500 0500 0500 0500 0500 0500 0500 0500 0500 0500 0500 0500 0500 0500 0500 0500 0500 0500 0500 0500 0500 0500 0500 0500 0500 0500 0500 0500 0500 0500 0500 0500 0500 0500 0500 0500 0500 
0500 0500 0500 0500 0500 0500 0500 0500 0500 0500 0500 0500 0500 0500 0500 0500 0500 0500 0500 0500 0500 0500 0500 0500 0500 0500 0500 0500 0500 0500 0500 0500 0500 0500 0500 0500 0500 0500 0500 0500 0500 0500 0500 0500 0500 0500 0500 0500 0500 0500 0500 0500 0500 0500 0500 0500 0500 0500 0500 0500 0500 0500 0500 0500 0500 0500 0500 0500 0500 0500 0500 0500 0500 0500 0500 0500 0500 0500 0500 0500 0500 0500 0500 0500 0500 0500 0500 0500 0500 0500 0500 0500 0500 0500 0500 0500 0500 0500 0500 0500 0500 0500 0500 0500 0500 0500 0500 0500 0500 0500 0500 0500 0500 0500 0500 0500 0500 0500 0500 0500 0500 0500 0500 0500 0500 0500 0500 0500 0500 0500 0500 0500 0500 0500 0500 0500 0500 0500 0500 0500 0500 0500 0500 0500 0500 0500 0500 0500 0500 0500 0500 0500 0500 0500 0500 0500 0500 0500 0500 0500 
0500 0500 0500 0500 0500 0500 0500 0500 0500 0500 0500 0500 0500 0500 0500 0500 0500 0500 0500 0500 0500 0500 0500 0500 0500 0500 0500 0500 0500 0500 0500 0500 0500 0500 0500 0500 0500 0500 0500 0500 0500 0500 0500 0500 0500 0500 0500 0500 0500 0500 0500 0500 0500 0500 0500 0500 0500 0500 0500 0500 0500 0500 0500 0500 0500 0500 0500 0500 0500 0500 0500 0500 0500 0500 0500 0500 0500 0500 0500 0500 0500 0500 0500 0500 0500 0500 0500 0500 0500 0500 0500 0500 0500 0500 0500 0500 0500 0500 0500 0500 0500 0500 0500 0500 0500 0500 0500 0500 0500 0500 0500 0500 0500 0500 0500 0500 0500 0500 0500 0500 0500 0500 0500 0500 0500 0500 0500 0500 0500 0500 0500 0500 0500 0500 0500 0500 0500 0500 0500 0500 0500 0500 0500 0500 0500 0500 0500 0500 0500 0500 0500 0500 0500 0500 0500 0500 0500 0500 0500 0500 
0500 0500 0500 0500 0500 0500 0500 0500 0500 0500 0500 0500 0500 0500 0500 0500 0500 0500 0500 0500 0500 0500 0500 0500 0500 0500 0500 0500 0500 0500 0500 0500 0500 0500 0500 0500 0500 0500 0500 0500 0500 0500 0500 0500 0500 0500 0500 0500 0500 0500 0500 0500 0500 0500 0500 0500 0500 0500 0500 0500 0500 0500 0500 0500 0500 0500 0500 0500 0500 0500 0500 0500 0500 0500 0500 0500 0500 0500 0500 0500 0500 0500 0500 0500 0500 0500 0500 0500 0500 0500 0500 0500 0500 0500 0500 0500 0500 0500 0500 0500 0500 0500 0500 0500 0500 0500 0500 0500 0500 0500 0500 0500 0500 0500 0500 0500 0500 0500 0500 0500 0500 0500 0500 0500 0500 0500 0500 0500 0500 0500 0500 0500 0500 0500 0500 0500 0500 0500 0500 0500 0500 0500 0500 0500 0500 0500 0500 0500 0500 0500 0500 0500 0500 0500 0500 0500 0500 0500 0500 0500 
0500 0500 0500 0500 0500 0500 0500 0500 0500 0500 0500 0500 0500 0500 0500 0500 0500 0500 0500 0500 0500 0500 0500 0500 0500 0500 0500 0500 0500 0500 0500 0500 0500 0500 0500 0500 0500 0500 0500 0500 0500 0500 0500 0500 0500 0500 0500 0500 0500 0500 0500 0500 0500 0500 0500 0500 0500 0500 0500 0500 0500 0500 0500 0500 0500 0500 0500 0500 0500 0500 0500 0500 0500 0500 0500 0500 0500 0500 0500 0500 0500 0500 0500 0500 0500 0500 0500 0500 0500 0500 0500 0500 0500 0500 0500 0500 0500 0500 0500 0500 0500 0500 0500 0500 0500 0500 0500 0500 0500 0500 0500 0500 0500 0500 0500 0500 0500 0500 0500 0500 0500 0500 0500 0500 0500 0500 0500 0500 0500 0500 0500 0500 0500 0500 0500 0500 0500 0500 0500 0500 0500 0500 0500 0500 0500 0500 0500 0500 0500 0500 0500 0500 0500 0500 0500 0500 0500 0500 0500 0500 
0500 0500 0500 0500 0500 0500 0500 0500 0500 0500 0500 0500 0500 0500 0500 0500 0500 0500 0500 0500 0500 0500 0500 0500 0500 0500 0500 0500 0500 0500 0500 0500 0500 0500 0500 0500 0500 0500 0500 0500 0500 0500 0500 0500 0500 0500 0500 0500 0500 0500 0500 0500 0500 0500 0500 0500 0500 0500 0500 0500 0500 0500 0500 0500 0500 0500 0500 0500 0500 0500 0500 0500 0500 0500 0500 0500 0500 0500 0500 0500 0500 0500 0500 0500 0500 0500 0500 0500 0500 0500 0500 0500 0500 0500 0500 0500 0500 0500 0500 0500 0500 0500 0500 0500 0500 0500 0500 0500 0500 0500 0500 0500 0500 0500 0500 0500 0500 0500 0500 0500 0500 0500 0500 0500 0500 0500 0500 0500 0500 0500 0500 0500 0500 0500 0500 0500 0500 0500 0500 0500 0500 0500 0500 0500 0500 0500 0500 0500 0500 0500 0500 0500 0500 0500 0500 0500 0500 0500 0500 0500 
0500 0500 0500 0500 0500 0500 0500 0500 0500 0500 0500 0500 0500 0500 0500 0500 0500 0500 0500 0500 0500 0500 0500 0500 0500 0500 0500 0500 0500 0500 0500 0500 0500 0500 0500 0500 0500 0500 0500 0500 0500 0500 0500 0500 0500 0500 0500 0500 0500 0500 0500 0500 0500 0500 0500 0500 0500 0500 0500 0500 0500 0500 0500 0500 0500 0500 0500 0500 0500 0500 0500 0500 0500 0500 0500 0500 0500 0500 0500 0500 0500 0500 0500 0500 0500 0500 0500 0500 0500 0500 0500 0500 0500 0500 0500 0500 0500 0500 0500 0500 0500 0500 0500 0500 0500 0500 0500 0500 0500 0500 0500 0500 0500 0500 0500 0500 0500 0500 0500 0500 0500 0500 0500 0500 0500 0500 0500 0500 0500 0500 0500 0500 0500 0500 0500 0500 0500 0500 0500 0500 0500 0500 0500 0500 0500 0500 0500 0500 0500 0500 0500 0500 0500 0500 0500 0500 0500 0500 0500 0500 
0500 0500 0500 0500 0500 0500 0500 0500 0500 0500 0500 0500 0500 0500 0500 0500 0500 0500 0500 0500 0500 0500 0500 0500 0500 0500 0500 0500 0500 0500 0500 0500 0500 0500 0500 0500 0500 0500 0500 0500 0500 0500 0500 0500 0500 0500 0500 0500 0500 0500 0500 0500 0500 0500 0500 0500 0500 0500 0500 0500 0500 0500 0500 0500 0500 0500 0500 0500 0500 0500 0500 0500 0500 0500 0500 0500 0500 0500 0500 0500 0500 0500 0500 0500 0500 0500 0500 0500 0500 0500 0500 0500 0500 0500 0500 0500 0500 0500 0500 0500 0500 0500 0500 0500 0500 0500 0500 0500 0500 0500 0500 0500 0500 0500 0500 0500 0500 0500 0500 0500 0500 0500 0500 0500 0500 0500 0500 0500 0500 0500 0500 0500 0500 0500 0500 0500 0500 0500 0500 0500 0500 0500 0500 0500 0500 0500 0500 0500 0500 0500 0500 0500 0500 0500 0500 0500 0500 0500 0500 0500 
0500 0500 0500 0500 0500 0500 0500 0500 0500 0500 0500 0500 0500 0500 0500 0500 0500 0500 0500 0500 0500 0500 0500 0500 0500 0500 0500 0500 0500 0500 0500 0500 0500 0500 0500 0500 0500 0500 0500 0500 0500 0500 0500 0500 0500 0500 0500 0500 0500 0500 0500 0500 0500 0500 0500 0500 0500 0500 0500 0500 0500 0500 0500 0500 0500 0500 0500 0500 0500 0500 0500 0500 0500 0500 0500 0500 0500 0500 0500 0500 0500 0500 0500 0500 0500 0500 0500 0500 0500 0500 0500 0500 0500 0500 0500 0500 0500 0500 0500 0500 0500 0500 0500 0500 0500 0500 0500 0500 0500 0500 0500 0500 0500 0500 0500 0500 0500 0500 0500 0500 0500 0500 0500 0500 0500 0500 0500 0500 0500 0500 0500 0500 0500 0500 0500 0500 0500 0500 0500 0500 0500 0500 0500 0500 0500 0500 0500 0500 0500 0500 0500 0500 0500 0500 0500 0500 0500 0500 0500 0500 
0500 0500 0500 0500 0500 0500 0500 0500 0500 0500 0500 0500 0500 0500 0500 0500 0500 0500 0500 0500 0500 0500 0500 0500 0500 0500 0500 0500 0500 0500 0500 0500 0500 0500 0500 0500 0500 0500 0500 0500 0500 0500 0500 0500 0500 0500 0500 0500 0500 0500 0500 0500 0500 0500 0500 0500 0500 0500 0500 0500 0500 0500 0500 0500 0500 0500 0500 0500 0500 0500 0500 0500 0500 0500 0500 0500 0500 0500 0500 0500 0500 0500 0500 0500 0500 0500 0500 0500 0500 0500 0500 0500 0500 0500 0500 0500 0500 0500 0500 0500 0500 0500 0500 0500 0500 0500 0500 0500 0500 0500 0500 0500 0500 0500 0500 0500 0500 0500 0500 0500 0500 0500 0500 0500 0500 0500 0500 0500 0500 0500 0500 0500 0500 0500 0500 0500 0500 0500 0500 0500 0500 0500 0500 0500 0500 0500 0500 0500 0500 0500 0500 0500 0500 0500 0500 0500 0500 0500 0500 0500
